573.389250533181 3.2670797688882e-07 1.4487480611233 788.293080754322 -90.1417135491665
82.6544943574316 7.09781644874664e-07 1.52470010054471 22295.4763028595 -112.066948355443
3.00020227304685 2.27471956299844e-05 1.31550766914496 617.844971326839 -62.3603266122015
6.21849211539173 1.23562155639588e-05 1.40329985805445 1163.67493077427 -105.157640256941
208.820925036238 0.000991205863691546 1.21987952159917 284322.128038972 -41.2753279793042
2077.38509141983 0.000410587272854768 1.11458818618155 1193159.67260947 -23.9559743252936
109159.515654271 1 1.3884753204022 301699981.589156 -14.6280971998333
8761266.42137821 0.202687822119782 0.835878218841139 1e+09 -58.0644295267242
7.15343602536125 0.000609558635150442 1.01426262515228 922.101913255023 -69.6069587685015
1337267.56014706 0.0764856037288245 0.995284170163274 164152598.428187 -200
9902.68620671314 0.0132944171371856 1.02351842484813 3526594.28553473 -14.0573310408648
2481518.95391529 0.144668075286717 0.871136813153278 199391114.870677 -46.5585649953819
6.3221302684051 0.112453758403108 1.24116975264459 1173.06678263146 -65.0824721116559
4.81021669830927 1 1.35487587785612 7291.40191622511 -14.7292410509713
2687453.1876061 0.0365389305068117 0.574310003224826 35501182.9785159 -14.6176542205966
7599007.77394649 0.171207258505239 0.62125286304714 221232411.992025 -15.1856376089398
492.919221479289 1 0.715039527001969 18417.3113169705 -8.10886267153079
53403.3574203475 1 0.610561253080183 1031210.17022662 -3.22697618151151
19885.8576692538 1 0.561508438503366 341279.120191664 -4.24078890720603
749.206458135654 0.524754507882203 0.61624212013091 15470.7337684072 -5.01018129643184
166132.031441495 0.224624626140747 0.592353804351162 2967503.08432997 -11.6887981639574
1467.81824233846 0.0385143290022482 0.554962447128399 19236.0750643329 -8.62091742842779
3692.1988786337 0.151357231436102 0.544731665786408 53552.2889870671 -3.21033611736322
140601.605273998 0.0243001185977463 0.539689684985436 1862619.42886296 -5.56219136219185
831980.246781434 0.169082882552448 0.597734135905076 17240143.9817902 -5.67212849640137
6116.45795677979 0.203642735367718 0.58758806477189 105205.771822929 -7.13112615470496
75603.5980653372 0.0628230289880115 0.587060857496762 1306301.22723327 -6.18287357376805
243978.678518909 0.181445390408077 0.575255565451087 3794448.8734761 -12.2768703531499
300202.700312957 0.379346325975342 0.569978534664411 4722898.64714233 -9.47151238008701
1460670.59029772 0.170984035617767 0.581733595928301 25093661.7715562 -7.85319061891096
105474.071854817 0.114095571791624 0.584711718992741 1808816.31080878 -9.03152571515317
1709621.25401058 0.995930749057226 0.580046292653702 28927271.9248899 -8.42312624154311
238970.623266679 0.0322632816932279 0.573109696360181 3771430.57570569 -11.2911264090997
19660.0967748018 0.052170971156988 0.580221316676114 326199.776841258 -9.8203765971879
51584.2726560702 0.0349992075440839 0.57834234880204 857324.312044827 -9.8004938870162
6868.54677342739 0.00912301398622935 0.570851005798762 107947.068552906 -10.3498702394083
1479429.69106203 0.0106161718295875 0.573391554704689 23400442.4465722 -9.79247437386829
5693939.48742423 0.0084060801517437 0.59104514263247 100886517.93859 -9.98377606459558
2367020.2478826 0.00838040861892107 0.580345926937626 38538534.863731 -11.742534561632
565.580227768875 0.00806580070939237 0.580591690703398 9347.31261523337 -10.223338165798
436625.627868757 0.00981390488129877 0.580530839345105 7243116.98916531 -9.96139741757023
52229.9052071982 0.00978868416513887 0.577416563956223 854967.363976962 -10.0051754290689
95430.0895093095 0.00794979317089975 0.580595275935206 1590170.97719058 -9.78193211327915
6726.83742786106 0.00754023858920492 0.580221885456832 111358.09394752 -10.0919613809332
75551.0461460615 0.00791749845619866 0.580012292859782 1248953.85360779 -10.3027441860004
331948.913504802 0.00746429780383235 0.578669838790732 5433098.41946397 -10.4731381496035
305402.160054404 0.00710425961677596 0.577228542355092 4961247.54333774 -10.3404020356281
666911.48383664 0.00754695912498887 0.578850678590099 10976139.4055897 -10.0850243152075
735918.174239629 0.00782673290351367 0.578673131862539 12089413.6620169 -10.1004369286572
43558.1704272958 0.00754310627039298 0.578001182694614 711501.292034561 -10.0815881618268
289586.666521933 0.00741172960506294 0.578330711056074 4748002.45949231 -10.1375912919703
57038.0636628238 0.00754211660920785 0.578027470656954 933323.246895315 -10.090200390016
49321.5318147795 0.00754855831159839 0.577920393835211 806343.91917949 -10.1712177771053
159830.123706546 0.00783208259062805 0.578874411849551 2627981.47838161 -10.1390611418988
218971.416492909 0.00750205890925711 0.578546383593416 3593919.13344962 -10.0551207163998
110246.742308166 0.00777858182159731 0.578879427230594 1813481.75941812 -10.0858891552645
73395.0762623784 0.00754238676455897 0.578726402668966 1205348.37453472 -10.1915130924759
148265.886906522 0.00754970348219175 0.578646697244876 2435773.20884205 -10.1023156727385
103049.1913006 0.00755229391970796 0.578446257111307 1690365.12775513 -10.1489453499452
81665.3891348789 0.00754545183517221 0.578546064989817 1339982.75158051 -10.1392887137242
132879.849429512 0.00754647817875345 0.578727264139959 2184112.68417463 -10.1248518888152
84139.2528368835 0.00752477633069397 0.578326060913196 1378511.40487897 -10.1814001007171
165723.726989146 0.00752596167362263 0.578473423577229 2718865.26732216 -10.136085092407
133109.897029561 0.0075488244723185 0.578422098193123 2183141.71496659 -10.1644680923541
58342.9386086605 0.00747916634914844 0.578552124452176 956983.376763479 -10.1972487209215
247691.546077812 0.00755267364311895 0.578860736011897 4075158.8342682 -10.1238187154166
120591.13272597 0.00755794216365955 0.578642588582225 1980762.68566994 -10.160156318333
112215.831449977 0.00752256111013763 0.578134855471739 1837772.8780043 -10.1451299371117
269493.48949881 0.00755920254354151 0.578811196420022 4431888.10554216 -10.1252524832529
114474.13655026 0.00754677591302246 0.578711750352451 1880707.06994047 -10.1453826756843
106814.79630252 0.00752820879346685 0.578473249902906 1752347.58851263 -10.1605961120423
108769.511475376 0.00755289681766351 0.578780759977633 1787628.59880744 -10.1522061587064
170589.231876662 0.00755341649863637 0.578607926280036 2799610.09031989 -10.1555019447017
134866.648482122 0.00754037380557636 0.578745315788794 2215926.8409364 -10.1436126632733
209009.789205644 0.0075568382605972 0.578630313803806 3432461.47808444 -10.1372475913269
117683.575829266 0.00754425681495987 0.578533974357978 1931302.85565496 -10.1580057068042
93583.9530630813 0.00755175350658646 0.578694339293736 1537018.6099173 -10.1565130766086
111894.009798148 0.00754520534364926 0.578666619842895 1838339.14220954 -10.1392116828957
67918.7647393101 0.00754738825841626 0.578515930610341 1114588.29617214 -10.1526866320228
159553.128353682 0.00755824887403939 0.578633552079919 2619754.41309148 -10.1534692795897
118616.503306497 0.00754508640385516 0.578752278268214 1949286.24538964 -10.1320152317254
105248.226531715 0.00754811290750318 0.57858687271127 1727345.90622851 -10.1590096748247
84728.744355204 0.00754929882470995 0.578687108881791 1391747.14682832 -10.155986402069
106524.801242319 0.00754802481915719 0.578606056631737 1749205.63906528 -10.1559805846565
73856.2750870252 0.00755142137934392 0.578513168962221 1211846.003053 -10.1411930205083
126644.040048681 0.00755456434590541 0.578715771040261 2080605.85489252 -10.1532304577664
97742.0834495297 0.0075562297733956 0.578542073363113 1604172.7861059 -10.1524142758502
137123.268145498 0.00754472544382255 0.578663559457497 2252272.3188914 -10.1454841235324
129739.900466148 0.00755081004225742 0.578674157819681 2131042.06193721 -10.1302352663462
76346.8888309363 0.007558933224416 0.578501528266062 1252694.27447677 -10.1679391395928
136083.989396842 0.00755607577587185 0.578632820731872 2235065.43540746 -10.1466151652562
72114.8385203378 0.00755481394159476 0.578456982580003 1182927.58486875 -10.1662124435161
124581.07718577 0.00754737641148986 0.578632242113888 2045856.60481027 -10.1193337927039
88847.3120716534 0.0075519274940482 0.57857562379791 1458709.45538117 -10.1391916143527
78988.0586534903 0.00755525528653009 0.578480665719024 1295867.43925233 -10.1570937514369
97150.0321157839 0.00755120280416487 0.578630667225239 1595352.90072521 -10.1260830644732
111380.794699802 0.00755487712740467 0.578605321422045 1828953.67696211 -10.1325764843256
92308.921588515 0.00755284127715769 0.578596478922726 1515604.58086316 -10.1484105157409
126193.782675633 0.00755228321156998 0.578695027463007 2073221.66240316 -10.1257552691518
75300.561881908 0.00755645107393868 0.578532671111657 1235870.9877373 -10.1566398892067
79025.7135860067 0.00755223827456672 0.578581903648261 1297510.37226301 -10.1344866941064
118046.873801091 0.00755201943648295 0.578676804420733 1939313.34681597 -10.1218829872605
104183.982963967 0.0075518736860609 0.57864990929808 1711205.76644001 -10.1388667337904
95942.802079246 0.00755452499232336 0.578577198481379 1575082.54504861 -10.151617512384
96704.9736214009 0.00755412305673007 0.578609705629972 1587854.64525849 -10.1434050262199
101242.756807529 0.00755148962575244 0.578670593710271 1663112.59257739 -10.1449364292005
98693.2485392224 0.00755078287184414 0.578596860731703 1620283.88538459 -10.1603211956227
95598.2783191684 0.00755516490576006 0.578578525111676 1569384.29876932 -10.1510277662891
100567.752036744 0.00755397594983912 0.578643802839589 1651713.46510716 -10.143685276017
126735.181426076 0.00755413273434032 0.578692158032914 2082025.87313241 -10.1321805580481
114558.888603205 0.0075538394519104 0.578698384053657 1882014.62015338 -10.1440896285323
105306.312560318 0.00755069651138792 0.578658677149071 1729781.01641008 -10.1362645238446
111662.606763149 0.00755086256417987 0.578710545078534 1834655.91066614 -10.1439243297836
113117.279185949 0.00755389041409184 0.578617759449932 1857393.88627737 -10.1516634325001
122225.552939498 0.00755307523551243 0.578664238160152 2007524.60474417 -10.1470008169587
102335.57930953 0.00755759022142116 0.578567200557134 1679852.25824383 -10.1525679617982
117007.241269753 0.00755420835266475 0.578689336860802 1922149.79458512 -10.1396986488403
