11391.03
3993.273
1893.214
2032.812
917.0558
722.7795
905.2075
494.2209
270.7237
801.6505
579.0991
314.2279
370.6488
563.6063
127.1791
288.2985
133.6399
125.953
100.1034
96.41398
82.22867
97.27235
99.49877
90.75576
93.16768
83.79271
86.17555
82.30979
80.458
80.57533
80.1194
80.41778
80.28918
79.73155
79.70051
78.40824
78.37583
78.52998
78.45935
78.01692
77.98694
77.97546
77.9568
77.91421
77.96283
77.92367
77.93564
77.89999
77.8988
77.90886
77.90516
77.90089
77.89991
77.89826
77.89085
77.8992
77.89786
77.89805
77.89788
77.89864
77.8978
77.89874
77.89824
77.89813
77.89053
77.89788
77.89747
77.8887
77.89783
77.89684
77.88596
77.89709
77.89802
77.8971
77.89756
77.89706
77.89761
77.89791
77.89712
77.89597
77.89682
77.89638
77.89732
77.89779
77.89645
77.89669
77.89737
77.89687
77.89652
77.89692
77.89738
77.89698
77.89661
77.89679
77.88366
77.88549
77.89697
77.89705
77.8965
77.89611
77.89632
77.89715
77.89633
77.89686
77.89621
77.89681
77.8968
77.89664
77.89739
77.89581
77.89622
77.89683
77.89691
77.89704
77.89697
77.89705
77.89732
