573.389250533181 3.2670797688882e-07 1.4487480611233 788.293080754322 -90.1417135491665
112.30719151665 1.1994416127393e-07 1.48801779650003 358.499528380999 -50.5766431414113
14.2143871666004 6.46054458132381e-05 1.07893734811337 2068.04523103541 -43.7621143240757
1.4642689359686 4.79032153339141e-05 1.40388984416134 0.729717265799703 -25.6041626662931
95.2173000258901 9.40550165577162e-05 0.883948170155971 22260.0547978266 -20.3399806359176
3.84253468592814 0.0012713199974602 0.934711222856042 86.6541487026289 -19.5914507068346
439.655680219281 0.0158919763738351 1.17643241638855 84039.0393397512 -86.5402161629923
3.5824114823912 0.00022080575763282 1.08386000184674 425.87087192464 -26.1514282496296
18.9621922222146 0.00129483392452353 0.837693295132076 1307.36280275373 -36.0761199593601
5.55343035776066 0.00209665179928326 0.923381455498675 439.639318958295 -68.1146259626738
82.9258972339181 0.058153676512077 0.633528208526804 1917.07285854229 -50.1442808380965
9.67428395752859 0.50984477032605 0.915104752750676 694.202313056331 -64.8211257700421
33.1713424541278 0.100012913336304 0.685862413831642 877.944669290627 -23.625280534744
6.55390114951014 0.0286155663684678 0.868015687015046 288.428872584507 -37.0380345038041
6.14236974132418 0.0423287185267774 0.880311026883192 335.378994270358 -50.5762861006182
10.3442015937615 0.00828225548842985 0.860601001155784 568.740198044288 -25.1754507020844
11.0793458036657 0.0107820233304932 0.773745484514537 403.528336624594 -36.8096211352081
11.3443658649622 0.58829428355294 0.886099070848635 829.317079061916 -34.0771055382927
16.0913930878475 0.0355141792666754 0.799811556896922 796.176171856734 -33.4376805372352
60.0360505637589 1 0.694253620540756 1771.92769816563 -49.97551695268
18.0734757598576 0.069068823000439 0.713590214325669 541.029891638627 -39.6381313137787
29.6990117460899 0.0386936788552268 0.703181297745881 902.697909490998 -37.694149024109
24.8122851338505 0.0371770512254091 0.72121447616021 801.05954790643 -42.4300055366362
20.9622095124706 0.0558756863040704 0.739828063601955 740.89475979458 -46.8051508563846
35.6991500967638 0.0527412609799269 0.690631322662907 1006.4183771434 -29.0586555396736
24.4189867230805 0.0431891292661776 0.717053266223413 775.80151374746 -30.9622111191729
31.3020094638449 0.0308466309931774 0.706967540633026 957.946985769125 -28.6593460598023
24.006662495125 0.0268642219205077 0.724995932773623 789.061166219722 -33.8939476853907
28.9465807979875 0.0487883559430242 0.705197646374365 872.974045172314 -33.7216859893949
26.2616565619799 0.0475299346448911 0.715370478312035 828.143615959781 -33.7157588454492
23.4577268656451 0.0326978917846545 0.718857950203726 745.259039616015 -41.9881490392881
32.7727891416586 0.0203411083359634 0.699795536359893 962.608111179942 -41.438918556263
23.7693431619525 0.0172871274217225 0.716551702761641 750.700691305137 -37.0117480501032
24.7850684913734 0.0203087984250224 0.71196243484116 763.506440154301 -39.7778540589383
27.7384667791049 0.0202775624294678 0.707332468499554 843.829929549267 -39.7758700225891
25.9689749643887 0.017412385908552 0.709828619501986 795.684954146237 -38.4864287063338
24.744130340797 0.0155980574708086 0.716500698972158 780.703586371459 -41.4514455889921
27.1966937177035 0.0172978418248107 0.711781011862936 844.414234619078 -39.8058360916433
28.6217368815005 0.0159631476595439 0.709337179659091 880.557945571566 -41.8321604571949
26.2234156209941 0.0160094899997261 0.711489645457436 810.0528460524 -42.2714526411209
26.4841939856622 0.0170866076416833 0.712025644894768 820.877276986168 -40.9446974916322
24.7380230371385 0.0187534070951227 0.714955405281803 774.948381418419 -42.0726454057871
25.2690892009801 0.0158019199378252 0.713168785051158 784.942094388394 -42.0318604446994
24.4970071841855 0.0177679731934191 0.714427072580061 763.943476782753 -42.757403700122
25.9721932871798 0.0186835313974451 0.712604354959465 806.535029433158 -40.7413275452317
25.6656454531943 0.0176717298085393 0.712279109403894 795.59763573197 -41.2698965854588
26.2429166943341 0.0186679964981254 0.713215942321647 818.269254983326 -41.5731382018103
25.799583965272 0.0186660015534318 0.712878153625089 801.900814501432 -41.0832949249318
26.0316463340441 0.0177121815933368 0.711477899598928 804.026105811866 -40.4044438829229
25.7031417098592 0.0176435212314329 0.711620931511818 794.479530441729 -41.2841932847124
26.0573356267367 0.0177971601244418 0.712483541477215 808.808323275974 -41.5910623066436
25.5536088744892 0.0177124791270891 0.7126599044144 793.257063015444 -40.3064262213559
25.827286582124 0.0177808908655171 0.712607091414081 801.949736135831 -41.4734766929011
25.7722310770182 0.017674836919194 0.713002377047023 801.683694536542 -41.110946482294
25.8935841113866 0.0176389296245649 0.712834021380756 804.843157957369 -41.4212202310775
26.2085549760409 0.0176274677423097 0.712079645207252 812.269037581496 -41.1422793069565
25.8095896171327 0.0176927911166659 0.71285466215754 802.688381892046 -40.8049750918307
25.8987523479502 0.0176428636884078 0.712963661841811 805.819895489957 -41.1824856399089
25.4635823246384 0.0177075030488182 0.713098078549948 791.812389064246 -40.9972210636534
25.791594923539 0.0176742390492934 0.712766900303094 801.04606848375 -41.4115705919461
26.0148962852418 0.0176342974569496 0.712459948948087 807.453116338297 -41.3288588513858
25.7102350151092 0.0176927351496348 0.712491083213157 797.045445364559 -41.3766804900463
25.6659215194611 0.0177584213651228 0.712876391896883 797.446341864921 -41.3649925634376
25.6766755318706 0.0177047734928436 0.71280032689833 797.596683564565 -41.4396261881672
25.7866718087233 0.017652537533814 0.712675149600122 800.77273858847 -41.5326439211227
25.627506581647 0.0177084431433463 0.712957045910283 796.538039051918 -41.5074276116128
25.810724656586 0.0176549451719804 0.712599281500002 800.963011448779 -41.6471483650276
25.8743746761205 0.0176529370500829 0.712392495556189 802.282346606744 -41.6586344720728
25.893095066532 0.0176290350016913 0.712568210828321 803.501442340956 -41.8742068165941
25.9163450650172 0.0176645595110172 0.712390713292979 803.55256894903 -41.8124580078881
25.9283826665125 0.0176577625472072 0.712587098513186 804.876385374145 -41.736200326209
25.7764681964607 0.0176359736857504 0.712717889780511 800.392136617551 -41.5224292343846
26.0204585771189 0.0176596313000992 0.712349650361859 806.945160545321 -41.8811137839256
25.8674868678469 0.0176476163986961 0.71251933493661 802.425508577474 -41.6491641212055
25.8088983232143 0.0176472878552772 0.712819302201909 802.114877983568 -41.4392773516671
25.7419074997077 0.0177055896963743 0.712719620193894 799.54280224758 -41.457760080359
25.9638151621538 0.0176380114184145 0.712279900145178 804.808647130454 -41.7504277325024
25.760466485419 0.0176415637660254 0.712732978614152 799.939762116988 -41.7086393159612
25.7865122138018 0.0176289273463529 0.712688170054287 800.53653861947 -41.7856913299438
25.8787706598832 0.0176511153357579 0.712507809011181 802.914847015328 -41.6710616887408
25.7648132386747 0.0176541540364018 0.712769365324793 800.273951648226 -41.7227468173447
25.8848554362302 0.0176490363430833 0.712736259299891 804.239254946552 -41.6825073609602
25.8444800772188 0.0176483797467154 0.712654236052189 802.248978214782 -41.9398125044193
25.8078743162321 0.0176427303978928 0.712585760166112 800.803333799722 -41.8393064048674
25.8434380200088 0.0176625545310093 0.712558466666282 801.954954149615 -41.7277453976096
25.7859784139881 0.0176407823599784 0.712703645058831 800.653840274201 -41.7589013598373
25.7690660965818 0.0176522839193283 0.712611205359527 799.640623644177 -41.7569944261841
25.8336587537997 0.0176596171408837 0.712793631635371 802.615040524839 -41.9715613471121
25.7131445556488 0.017660565257258 0.712869833802732 798.78742552908 -41.8789424234389
25.7613734804585 0.0176499570827325 0.712712803844928 799.921687376138 -41.7612189793271
25.7345565275557 0.0176423260668553 0.712752889839699 799.272296971393 -41.453608749432
25.6928640023006 0.0176534942978289 0.71284173364693 798.303674273547 -41.6258503149857
25.7417320736248 0.0176448444876264 0.712754955601737 799.492009241025 -41.464678704068
25.8103305505429 0.0176451199580635 0.71264513811695 801.234551176982 -41.6685686700488
25.7616964783532 0.0176507918896984 0.712726442591195 799.937831147547 -41.7556565502548
25.7930025852654 0.0176553120387112 0.712604546740703 800.475125465547 -41.7023329983601
25.7772451190584 0.0176475160011997 0.712743451674756 800.658173587729 -41.7250031749927
25.6895561530677 0.0176467555320672 0.712850236959513 798.233404368625 -41.553350108502
25.76588464371 0.0176560713889928 0.712805402516629 800.427150505579 -41.7742347423453
25.760158465589 0.017644709958691 0.71291978939859 800.839144433138 -41.7870721774912
25.7505076168461 0.017644247975814 0.712696268576751 799.494440936505 -41.7315653694909
25.7710348524769 0.0176553059806515 0.712841760163729 800.850789449593 -41.693020089469
25.6576876585879 0.0176509514578617 0.712983459101226 797.683432781624 -41.5778894896925
25.7184965179524 0.0176488767610125 0.712848663385581 799.164103391823 -41.5436404832994
25.6560170323937 0.0176524931616703 0.712795121286861 796.655004324163 -41.6140687701817
25.6667112594692 0.0176463406424418 0.712813219436629 797.190463559385 -41.6764562381623
25.7100808786376 0.0176535280180189 0.712788021383365 798.532713434012 -41.5150821095403
25.6930666326011 0.0176418455540705 0.713033062745472 799.259487120527 -41.519853463436
25.6354018629935 0.0176424548378415 0.713147196177837 797.832201809453 -41.6618678370353
25.7541850414022 0.0176371637599577 0.712884095833411 800.649393006506 -41.6334359187761
25.6563455935925 0.0176465442657409 0.713061350867029 797.984080066174 -41.6628146225275
25.6715699140827 0.0176440703042768 0.712923137706041 797.875284759576 -41.6049792292075
25.7049294726969 0.0176453553868515 0.713031069609988 799.565590634979 -41.6284756375585
25.5294162144466 0.0176394001894382 0.713236519840183 794.602922323262 -41.5089722203664
25.5757784146279 0.0176426690461721 0.713222023533736 796.128529309869 -41.5290068683864
25.6429273654553 0.0176375049109709 0.713064718718018 797.723441328236 -41.5673792258818
25.6347174826617 0.0176456159757519 0.713117948643119 797.59768689807 -41.5831582746425
25.6847454730011 0.0176397941729911 0.712963656763222 798.594984531974 -41.5649702286413
25.5312789061458 0.0176366467439712 0.713120476257149 794.20520473644 -41.3910250729293
25.7556256070162 0.0176422525344253 0.712853799744304 800.506934370959 -41.5630660466441
25.6606438791125 0.0176410273638478 0.712946106325017 797.764401776694 -41.5111167549632
25.6169765260037 0.0176438946665616 0.713056930810559 796.727226073064 -41.5279802629027
25.5726633507968 0.0176446315406898 0.713209350345371 795.897930195697 -41.5577277265119
25.6819909356204 0.017645497654651 0.713056934227598 798.904646213937 -41.6849719560329
25.7149282687008 0.0176433847938326 0.712990169910283 799.749966083979 -41.5838573193275
25.6199185890821 0.0176438084619484 0.71307367823729 796.92644226612 -41.4939798023315
25.5131947236458 0.0176452444124286 0.713244481610942 794.03271984415 -41.5168221518589
25.6559206455993 0.017643426084512 0.713030636164533 797.925768924197 -41.5366609829545
25.6693601995575 0.0176483256980567 0.712966758970227 798.0097001648 -41.6317956214284
25.7121005214584 0.0176436706912982 0.712895817331986 799.163322644464 -41.5979312140567
25.710041869116 0.0176435217747729 0.71296021488951 799.454669996423 -41.6845426341671
25.7129696489108 0.0176451224813803 0.712971109624238 799.537441530348 -41.7094358589852
25.6215226031884 0.0176520133703251 0.713116542340417 797.044781058387 -41.6261412319327
25.5804015467261 0.0176486231459824 0.713068590604237 795.43520533808 -41.5171280468833
25.7481945300608 0.0176469633410182 0.712903997546641 800.413957077514 -41.7796563680612
25.7281038303065 0.0176497713074695 0.712907438002724 799.701172320283 -41.7517265360461
25.6392353076098 0.0176492941423518 0.71308181050396 797.488559793958 -41.6788864694341
25.637168469194 0.0176456539113282 0.713023488238513 797.237195838054 -41.5390664320824
25.730476695347 0.0176498708014699 0.712897135425075 799.740297116223 -41.7051117671426
25.703777815604 0.0176498082925331 0.712960938885977 799.158089319024 -41.6769437517272
25.7302331692923 0.0176519133162225 0.712972514683775 800.062309482809 -41.7558492160172
25.6181957676061 0.0176505099074843 0.71313591966293 797.019361210442 -41.6200318332524
25.6010474788712 0.0176475363857424 0.71314166168392 796.58778600859 -41.5487107352904
25.6899311839005 0.0176459340285282 0.712909518178241 798.475489580534 -41.669238425953
25.708938611285 0.0176507144608603 0.712960148415079 799.336085908665 -41.6977198604864
25.6755736513276 0.0176471119542711 0.713009171598745 798.426589978252 -41.6823235059337
25.5892586428212 0.0176487799695675 0.713206214823772 796.406000759411 -41.6055870688484
25.8030119104072 0.0176514875469058 0.712815454283665 801.805847059294 -41.8888400654854
25.766701731924 0.0176536122002833 0.712890885424045 800.929387444521 -41.8595058292212
25.7214207588582 0.0176525204557559 0.712957211632082 799.685268880317 -41.7719747690329
25.6667551682805 0.0176490380839038 0.712938837109458 797.815445901362 -41.593913069485
25.6515019355735 0.0176449663927341 0.712995682685458 797.640113980599 -41.5883479969131
25.6272229610538 0.0176496304026416 0.71302145165154 796.872564879388 -41.602366696932
25.6354563715084 0.0176471446685057 0.713105423885112 797.534361253589 -41.6264519161001
25.6792112943724 0.0176470082446687 0.71294987688895 798.283653040415 -41.6307350852531
25.6833278112917 0.0176465309289004 0.712960927654148 798.496981829214 -41.6289571200008
25.6598701134541 0.0176476197387456 0.713058949700107 798.12772911923 -41.6553205929305
25.718033066318 0.0176466290367264 0.712797667524756 798.908588103543 -41.5811162791417
25.6695901684411 0.0176491565842342 0.712976100608764 798.113065907604 -41.654065238256
25.7315067658385 0.0176471842365517 0.712906607863619 799.89456387571 -41.7218341118409
25.7141052688329 0.0176472211015193 0.712904063859987 799.273654927859 -41.6186783136623
25.6642465077993 0.0176479866006795 0.712911492425013 797.669440060358 -41.6005806648798
25.6460214856611 0.0176480905373193 0.713015712619079 797.489030596012 -41.6090148474506
25.7501895902124 0.01764952158957 0.712771376946864 799.897018961329 -41.6674482612693
25.7171091771628 0.0176490779046677 0.71279184281751 798.903955014759 -41.6156985444281
25.641056829322 0.0176491965073468 0.712953101092675 797.057686403785 -41.5497111237839
25.6425675444414 0.0176496216139847 0.712928137499126 797.010017431073 -41.5440847408771
25.5522420753282 0.0176466431086093 0.713127029439744 794.840036071349 -41.4349944308081
25.6368135943826 0.0176461006696031 0.712815413732704 796.380079715052 -41.3925812806218
25.6774939870731 0.017651925962723 0.712881158536099 797.911079217491 -41.6172941403827
25.5719081383901 0.0176477748991011 0.713029327798374 795.135038298568 -41.4528313518419
25.5970189928343 0.0176467843624541 0.712962022204819 795.671461620742 -41.4418727359216
25.6578537010196 0.0176505120628974 0.712910539752233 797.473161045154 -41.6252623179456
25.5784329614829 0.0176481505666866 0.713093246984638 795.601036118994 -41.5185662330642
25.528117020928 0.0176456183251153 0.713011721845901 793.608841559503 -41.3711028346218
25.5944870560415 0.0176464941181944 0.71285857351649 795.155371217747 -41.3675771862014
25.6327069890066 0.0176476466962913 0.712906577213339 796.58637183087 -41.4938383114718
25.5933741222956 0.0176494757677351 0.712987900881042 795.604118043349 -41.4893660283926
25.6690393920852 0.0176470618061355 0.712740556457017 797.071102068414 -41.4215907063673
25.5719961188228 0.0176517784518745 0.713079301107122 795.243222654468 -41.5299449561134
25.6331818674517 0.0176445387835397 0.712760931325869 795.995041664603 -41.2901118186688
25.5967187821553 0.0176466800760437 0.713008824852195 795.828470909533 -41.4381685299476
25.6767332078352 0.0176449334231885 0.712756405939389 797.453726750856 -41.4147453157422
25.6305941638229 0.0176424732486842 0.712749578188821 795.918571704737 -41.2581324509946
25.7079434960382 0.0176430930066947 0.712607226447186 797.853105292999 -41.3222905296022
25.6787640982244 0.0176470537077153 0.712807439463557 797.688182603467 -41.4763586201835
25.5899264060267 0.0176457928192592 0.71289046402507 795.111339098913 -41.3390040484523
25.6774261547878 0.0176490694957427 0.712836442016719 797.751595082982 -41.5393264134056
25.6386159348124 0.0176433699379768 0.71276568720269 796.23716880572 -41.2919044580735
25.5784432926576 0.0176459028220251 0.712951200399876 795.035446082685 -41.3809926528438
25.6158861521235 0.0176441520090361 0.712885195710442 795.943631551828 -41.3343476025671
25.5804201009301 0.0176430550238638 0.712928627626159 795.056521191866 -41.340073216798
25.6331727520046 0.0176506584269487 0.712993144912837 797.029656891635 -41.6370339858233
25.6070850551494 0.0176465976747406 0.712925735219103 795.905094517822 -41.4692423674817
25.6100001381399 0.0176476074090973 0.713015694737077 796.394549225459 -41.552877521575
25.6028319171112 0.0176481688208509 0.71292005583046 795.68207641711 -41.4332309705447
25.7128259993602 0.0176480808558478 0.71263747796279 798.094663043937 -41.4685565381833
25.6386138081035 0.0176498422805172 0.712958029902746 797.087059546688 -41.6428496211231
25.579566182953 0.0176472369861098 0.713002756202572 795.355617880531 -41.4953598668561
25.6932963561304 0.0176458485694669 0.712823113757357 798.265343614923 -41.4728429089045
25.6879222674012 0.0176466061044105 0.712815118859618 798.043202060148 -41.5125027982585
25.6048603524713 0.0176490520464729 0.712911872542238 795.77792353435 -41.4922432569201
25.7702610067754 0.0176493575777106 0.712661675015272 800.098403028773 -41.5743071061504
25.8333504153721 0.0176499577053578 0.712654918696891 802.078540269693 -41.7070755177621
25.6687825928078 0.0176493280373595 0.712816757729113 797.470225327351 -41.5824195152214
25.5595183862026 0.0176462235350487 0.712962163781996 794.498586264452 -41.3768283268523
25.753303860796 0.0176486527636659 0.712730136151173 799.873912861085 -41.6482150634546
25.5947578162872 0.0176450243845499 0.712886982598246 795.311006247145 -41.3553158006158
25.6751009959491 0.0176475042731274 0.712727784633116 797.250652851983 -41.4497435849045
25.7296937416495 0.0176497591207158 0.712785080057012 799.282684153178 -41.6314554232335
25.7920631830682 0.0176475516359947 0.712637781037302 800.78013113041 -41.6343841663403
25.7338139435403 0.0176509823679009 0.712856596350606 799.733171663465 -41.7408775150359
25.6126457332944 0.0176481650521395 0.712925695830987 796.048898791532 -41.4974778980373
25.6829596313477 0.0176502282553188 0.712950040403311 798.470047439999 -41.7032534832243
25.6378511776712 0.0176495064614933 0.713006708637996 797.230634451343 -41.6672994601008
25.7270997658503 0.0176509994937658 0.712776701531519 799.170557551407 -41.662588412036
25.7301100949605 0.0176507696882736 0.712779714078605 799.287178639617 -41.6607485124161
25.741063030465 0.0176490155043219 0.712712423796315 799.376615039453 -41.6194156289251
25.6200591506549 0.0176493113161813 0.71293136051023 796.32628280444 -41.5309987198286
25.7595483829917 0.0176502361865681 0.71269436940559 799.883778780931 -41.6176049158997
25.5923656143842 0.0176482689358552 0.712972247987661 795.606228734082 -41.4840048525701
25.6873636917141 0.0176516642856647 0.712792570843993 797.918300381199 -41.5667267796903
25.8229011790229 0.0176495846864755 0.712639025148511 801.779886320427 -41.7241015532079
25.7733697985482 0.0176475440067934 0.712687860678722 800.341980555213 -41.607464362121
25.7854075602026 0.0176510714942643 0.712679619474203 800.699402142448 -41.6875194278329
25.6274348953897 0.0176487416084988 0.71294906936598 796.628494781918 -41.5446070107521
25.8284456597672 0.0176507513095196 0.712664107707751 802.055540111533 -41.7638433445751
25.5955595719514 0.0176500108806039 0.712969189735608 795.662029018309 -41.5277581709713
25.7231983947266 0.0176531472829127 0.712846736542163 799.330812363408 -41.7473324831177
25.703983012381 0.0176536113451195 0.712891168768881 798.920968644692 -41.7691207939745
25.7931311257696 0.0176559331600083 0.712775522681333 801.352686326892 -41.9035418084587
25.5981848608428 0.0176517565145252 0.712925462076107 795.581018856451 -41.5401039413984
25.6256521555552 0.0176523924679642 0.712958258398653 796.596913119365 -41.6198105306223
25.7333280805669 0.0176500501454214 0.712816077106037 799.560252382611 -41.6693158750397
25.8273167143455 0.0176550916851246 0.712709127443061 802.202003357955 -41.9025793109585
25.7805237289155 0.0176526441476111 0.71270838932506 800.678531933215 -41.7560541784887
25.8235323472243 0.0176553458707054 0.712727335234412 802.169115080882 -41.9051377338956
25.8132768608894 0.0176513540918628 0.71268503003296 801.639382880115 -41.7404597585572
25.7676270104877 0.0176548880639214 0.712829510085291 800.735221018233 -41.8633425020931
25.7672886572384 0.0176532289639764 0.712775325454712 800.531546205117 -41.7992958088369
25.7770546652148 0.0176534748218124 0.712771684731421 800.857543571844 -41.839200239508
25.8090543488723 0.0176551742876283 0.712705516604142 801.579573016251 -41.8465965609139
25.7863021348601 0.017653108313868 0.712736651231449 800.969576256896 -41.7825592516816
25.7579818471524 0.0176520691152978 0.71272459329333 799.974023282206 -41.681402950359
25.6544269285912 0.0176498471734117 0.712821480815846 797.017241300047 -41.5481277667758
25.6827440046045 0.0176487986429581 0.712781278108045 797.773521036672 -41.5349960808183
25.7150002990386 0.0176519003843936 0.712815259125036 798.960957231769 -41.6855890878084
25.7151955368417 0.0176512053269496 0.712778875071189 798.813448259446 -41.6419306710985
25.7484958581892 0.0176545492766608 0.71283013143172 800.103040289945 -41.799979291531
25.7440875750922 0.0176511556459112 0.712766951059621 799.702956550041 -41.6726082759865
25.7436701342096 0.0176495973537013 0.71272869239352 799.584214355489 -41.6573938906207
25.8437516039648 0.0176558852556823 0.71271252191863 802.729872881323 -41.9150054593157
25.7659289506801 0.0176498649410019 0.712714879613258 800.239795577978 -41.6734136268812
25.7872593686976 0.0176549223515511 0.712756140564891 801.09203028528 -41.8516342215131
25.7651051609663 0.0176522319777323 0.712734987806379 800.288141601719 -41.7396546286793
25.7277289236268 0.0176514876845401 0.712791870950344 799.29151956663 -41.6872314884181
25.7238520754136 0.0176523620500811 0.712820040774815 799.283358490403 -41.7192404485732
25.7421183714814 0.0176509885554819 0.712752887857856 799.60482359654 -41.6769132905039
25.7579741299833 0.0176501506045015 0.712730494273781 800.056527731695 -41.6940629100022
25.6931184569458 0.0176498044274441 0.712805130408706 798.197354191521 -41.5805662176033
25.7271448064337 0.0176500543144198 0.712740848443933 799.066435739418 -41.6253394726133
25.7191644011832 0.0176519594119161 0.712804364371854 799.02982992351 -41.659266681158
25.6882060090321 0.0176506563950935 0.71283468933651 798.180135738087 -41.6315292675387
25.6844961186067 0.0176502038873617 0.712822427978535 798.014876338284 -41.614884971328
25.7176698171776 0.0176490744976629 0.712753022303125 798.822627659172 -41.6028338538518
25.7417063369932 0.017649024066604 0.712701942441665 799.387757674991 -41.597242402173
25.7990793616449 0.0176504716000618 0.712657858833121 801.079904867644 -41.6930787606237
25.6726719833578 0.0176485751046724 0.712821609405037 797.651255858788 -41.5708449686065
25.7136205248041 0.0176485744632111 0.712746321206717 798.629089291909 -41.5540505810729
25.7808158398443 0.017648764024502 0.71265343151241 800.467273810747 -41.6305011922239
25.7157304859893 0.0176469772890784 0.712704681841726 798.570586252076 -41.5347431729217
25.8117099813904 0.0176479924998111 0.712559356840802 801.069874652581 -41.5915872181843
25.7021494770135 0.0176475517503116 0.712743075521658 798.293089028397 -41.556091711389
25.7778914752054 0.0176481095777366 0.712635531265263 800.313011574616 -41.6046555691627
25.8446856476673 0.0176509287392126 0.712582205094632 802.233642297313 -41.7161259823216
25.7664734065851 0.0176452354570569 0.712587853590033 799.768886339703 -41.517951643291
25.7334842632331 0.0176471102184559 0.71265831703233 798.909941323482 -41.4914299161025
25.725776799658 0.0176482835945218 0.712723417869331 798.980278546971 -41.5901772484888
25.8528398390598 0.0176470044533292 0.712468977640292 802.021645691812 -41.5492230155195
25.8249263195358 0.0176513407560001 0.712625143702959 801.769570612538 -41.7340070057187
25.6938258921051 0.0176451590503732 0.712714796341126 797.946110529575 -41.5145838796017
25.7934517316807 0.0176524516933494 0.712720963176059 801.158489476915 -41.7707534532888
25.745645209624 0.0176487651625763 0.71270852255206 799.514388250243 -41.5801705529676
25.7379247186602 0.0176474463560271 0.712685584730992 799.211159345477 -41.5640076268487
25.7287010528683 0.0176482480212828 0.712709798444999 798.979268408529 -41.5507927846645
25.7162429323351 0.0176485324386642 0.71272463947866 798.658448770802 -41.5804272684736
25.7737642611799 0.017648098632451 0.712631890738169 800.11934167463 -41.5641961518933
25.8177307898955 0.0176515523681777 0.712623877562154 801.471821615147 -41.663642116669
25.7228085265288 0.01764683855123 0.712682033436698 798.686755601462 -41.5068339073471
25.7264944024439 0.0176463348501498 0.712641293619008 798.61271786722 -41.4604155850252
25.8109214917588 0.0176486577039786 0.712533000574443 800.858804579291 -41.5192839074623
25.8021980572234 0.0176506266980043 0.712609278436901 800.904738080285 -41.6093062435469
25.7623286662791 0.0176464034606774 0.712568393429006 799.416052038122 -41.411315522057
25.7731903719507 0.0176481933102858 0.712587985017727 799.867060733714 -41.497428036744
25.7401120263336 0.0176461166203851 0.712610541512075 798.88931840699 -41.4161097087617
25.797832897505 0.0176476962040821 0.712551328293306 800.511898572651 -41.4949936554907
25.7441215816342 0.0176510751506258 0.712757681104548 799.702950981647 -41.6993890889819
25.7602994280963 0.0176481286135369 0.712665824384779 799.847708663104 -41.5927304418038
25.7629869460563 0.0176465400166334 0.71259566244667 799.60433465304 -41.479443363899
25.7414465696417 0.0176481731305843 0.712680635399616 799.270804615273 -41.5492888424008
25.7353642343555 0.0176475609609735 0.71266456165825 798.976996863007 -41.492958028968
25.7530235104187 0.0176481364813262 0.712650725107658 799.486168813947 -41.5110522090956
25.7754837447526 0.0176487052649513 0.712617343251588 800.106854417781 -41.5687534846277
25.7298821855722 0.0176471686891863 0.712664822215579 798.814169963119 -41.4870583131717
