13686.98
2710.282
1260.791
1976.289
1859.549
785.2851
834.1063
331.2435
114.2628
109.7841
51.4851
53.26448
36.18574
93.58287
45.51167
53.58799
39.20158
50.582
40.56666
33.17548
33.48791
33.07211
32.53372
33.02482
32.77327
32.50904
32.55126
32.61007
32.53555
32.54488
32.42435
32.40494
32.33795
32.36658
32.36797
32.33755
32.35246
32.33062
32.32145
32.31763
32.32467
32.31867
32.31648
32.31872
32.31084
32.31505
32.31269
32.31152
32.31194
32.31398
32.31195
32.31193
32.31184
32.3121
32.31071
32.31146
32.31024
32.3111
32.30962
32.31079
32.31037
32.31121
32.30963
32.31113
32.31003
32.31024
32.31031
32.31101
32.30923
32.31008
32.30844
32.3099
32.30981
32.31039
32.31059
32.30958
32.31048
32.31036
32.30976
32.30975
32.30941
32.3092
32.3092
32.30917
32.30994
32.3096
32.30833
32.30767
32.30961
32.30765
32.30995
32.30993
32.30847
32.30812
32.30863
32.31004
32.3095
32.30977
32.30976
32.30988
32.30857
32.3097
32.30834
32.3083
32.30945
32.30925
32.31008
32.30966
32.30959
32.30991
32.31081
32.30897
32.31004
32.30917
32.31002
32.30966
32.30838
32.30838
32.30943
32.30995
32.30959
32.30982
32.3103
32.30832
32.31002
32.30991
32.30962
32.30945
32.31012
32.31019
32.31001
32.30982
32.30942
32.30828
32.30954
32.30935
32.3103
32.31014
32.31005
32.30953
32.31006
32.30944
32.30959
32.30947
32.31004
32.30927
32.30975
32.30977
32.30955
32.30839
32.31001
32.30924
32.3087
32.30948
32.30837
32.31019
32.3083
32.30859
32.30937
32.30947
32.30936
32.30824
32.30946
32.30936
32.30898
32.30915
32.30966
32.31012
32.30952
32.30856
32.30985
32.30797
32.3095
32.30935
32.30826
32.30794
32.30916
32.30936
32.30943
32.31003
32.30987
32.3092
32.30944
32.30942
32.30941
32.30948
32.30969
32.30901
32.31014
32.30965
32.31005
32.30839
32.30939
32.30883
32.30973
32.3089
32.3101
32.30964
32.30849
32.30813
32.30962
32.30908
32.30939
32.3095
32.30981
32.30773
32.30938
32.30945
32.30845
32.3092
32.30844
32.30948
32.30854
32.30957
32.30903
32.30937
32.30941
32.31011
32.30961
32.30903
32.31
32.30904
32.31005
32.30953
32.31002
32.3085
32.30925
32.30848
32.30806
32.3097
32.30982
32.30976
32.30883
32.30955
32.31009
32.30952
32.30834
32.30963
32.31027
32.30937
32.30861
32.30916
32.30874
32.30811
32.31003
32.30873
32.30837
32.31017
32.30855
32.30911
32.30997
32.30923
32.30981
32.31008
32.30829
32.30921
32.30937
32.30909
32.30952
32.31006
32.30833
32.3091
32.30831
32.30963
32.3093
32.30949
32.30932
32.30755
32.30928
32.3086
32.30937
32.30956
32.30907
32.30983
32.30935
32.30999
32.30933
32.3096
32.31026
32.30888
32.30975
32.30829
32.31016
32.3087
32.30823
32.30808
32.30986
32.31002
32.30935
32.30922
32.30903
32.30949
32.30922
32.30871
32.30964
32.30961
32.30957
32.30848
32.30952
32.30965
32.30922
32.30994
32.30969
32.30935
