18400.21
805.9478
768.1461
742.9241
607.9689
544.0948
340.5487
254.7553
258.4643
180.1445
262.8991
259.8525
255.2917
75.59002
246.2853
255.2334
255.3729
253.4819
254.3982
253.1558
251.9547
252.1441
252.1653
251.8133
251.2916
251.689
251.6247
251.431
251.2635
251.4391
251.254
251.2788
251.2453
251.3181
251.2539
251.2339
251.2005
251.1991
251.2102
251.2096
251.1986
251.1977
251.1963
251.1976
251.1983
251.1903
251.1958
251.1942
251.1943
251.1762
251.185
251.19
251.1863
251.1921
251.1946
251.1857
251.1853
251.1849
251.1931
251.1907
251.1932
251.1907
251.1915
251.1933
251.1911
251.1908
251.1857
251.1916
251.1895
251.1916
251.1898
251.1929
251.184
251.1932
251.1917
251.193
251.1841
251.1876
251.1931
251.1929
251.1931
251.193
251.193
251.1929
251.193
251.1929
251.1911
251.1929
251.1928
251.1929
251.1928
251.1929
