573.389250533181 3.2670797688882e-07 1.4487480611233 788.293080754322 -90.1417135491665
34.9299393939737 1.08857447258777e-07 1.45585099452633 283.447983180978 -81.3559141478074
2.70218569322912 1.58367960786415e-06 1.48861904427862 14137.6919759409 -96.4565361641912
1.45845408815498 3.30331364788562e-06 1.30398437596206 6407.25415664304 -58.5685141339327
0.446645170948678 4.24978247774681e-05 1.15603106519322 137.0852712845 -76.9142287531066
0.641909422949924 1.99606763737103e-05 1.13891004298808 40.5580132557315 -54.34426848122
0.455530239105162 0.00084822060149657 0.906353416414173 0.254139989737878 -46.4874852515233
0.555441326203693 0.145363256316352 0.741305536383108 27.801225680766 -25.1447788231975
0.52960479594759 1 1.25468072235163 1.79213658780063 -29.9737292813366
1.56401847162688 0.00271676583820887 0.657546655482981 4567.39260937778 -9.54246970266518
0.528527592424362 0.0587178494125805 1.09391910390606 0.017197266047837 -60.1280532199619
0.524970063593916 0.356140739564757 1.67706205130987 0.235489759870501 -29.0610249186507
0.554619356247909 0.257932629180795 1.25105491170842 812.629359194826 -33.7087118467057
1.0285515146763 0.356503761535636 0.961303279376479 130234.991006027 -23.0538240451132
0.524922126182019 0.559542098994085 1.22829611391665 75573.0306565079 -23.4496200654531
0.554848156494971 0.734658379832 1.66638477839203 192.19414947994 -27.2882133289729
0.581993349495051 0.653576063419705 1.33128352781977 0.495761462515818 -47.6178920932402
0.611610594112922 0.0713006511276311 1.24049962650055 0.001 -71.7078114384803
0.687309457203685 1 1.64416382144556 0.178006183142658 -91.3114266336004
0.624820884025691 0.482048103428845 0.863937594157162 0.00782725030736274 -70.511004720434
0.625409864750604 0.184540383926922 1.09793536570162 0.015195533980789 -75.3493149446221
0.58878751178136 1 1.0493086097594 0.001 -68.6166851208389
0.593043248059224 1 1.60520940718184 0.00337211555756202 -67.6372475237278
0.598946236055446 0.700187524433962 1.58245651976367 0.345360970135332 -72.4071457147038
0.623467270619464 0.644740923130723 1.29527778731575 0.140681673928062 -75.5197807868177
0.626777047012684 1 1.04309712412324 0.00432806826762384 -78.8213092574915
0.618415643288378 0.544524962936443 1.04579148822844 0.64773942114304 -72.6059859817443
0.614899422035165 0.498830031922779 1.15595846707134 0.00719358173099131 -73.5208374259337
0.631613255983465 1 1.38765139930041 1.01959483955749 -76.4676241584747
0.636788068233012 1 1.51044781004762 0.0422738722549355 -76.5164901003853
0.630578982468357 1 1.64295466956254 0.00973789818061342 -77.1463807683423
0.619458006438177 0.709864143751848 1.26345477948608 0.0450320431996314 -74.7559306641133
0.628220273588255 1 1.35506885321481 0.0791406922907322 -75.6432042836124
0.622459043288882 0.659923203599723 1.19183988093064 0.0149728899036719 -74.5176229081667
0.629339581697225 0.83869092667645 1.23237073920179 0.0278042462680954 -76.3912882362613
0.626948451831894 0.908978898379747 1.27903188741393 0.0236507955746799 -75.7534906679549
0.624331206216121 0.938508711718281 1.102408723143 0.00668302929817754 -75.3342183001045
0.62272389053628 1 1.48680185369293 0.012272207604446 -75.4310256697026
0.622880911166549 1 1.22207449383844 0.0793484965120801 -74.897370793422
0.619964970278021 1 1.20623906279768 0.0478518303031427 -74.9557768674997
0.622908909817719 1 1.01936249052201 0.00548867654853994 -75.359576725588
0.624974280716331 0.938364190702996 1.44249094060993 0.0456289612159232 -75.6950890171321
0.623562482751352 0.935179927753728 1.40199472863799 0.0134215852918824 -75.4371413828498
0.624430814436676 0.932309133354593 1.25759440848821 0.0200208201229812 -75.4034635991757
0.623223446821464 0.934161440624874 1.28091473238096 0.0237180504776159 -75.404889246945
0.621746435986426 0.946683628336684 1.24147897499796 0.0105459700471693 -75.3091627122026
0.622385328399424 0.937746962588087 1.10424070504325 0.00472713973284684 -75.2378666066628
0.623670871100885 0.940557579257661 1.32262997902089 0.0350032478121592 -75.4487125152151
0.623290194756427 0.940259404987819 1.16357779742485 0.0124076772143021 -75.3878258147638
0.624343506530602 0.949211804789291 1.27118510120728 0.0488663308092223 -75.7325715060341
0.623242233365252 0.946867549974608 1.21812981486077 0.0100950468991904 -75.4314256085589
0.623303525946408 0.945072398302657 1.13737717609651 0.00828281578106679 -75.5185795623602
0.623590863594782 0.947077352494792 1.37933017148522 0.0277084420602152 -75.3674439649942
0.623146380397251 0.93194863867672 1.28995392108974 0.0238020226634867 -75.3719125344138
0.622780200294192 0.937263383073417 1.20122741444624 0.019748034213287 -75.3810063555467
0.622950252625371 0.946338442185387 1.18364891985954 0.0142403471069225 -75.3896937317568
0.623699897226309 0.949023722950494 1.19632578286785 0.0178312337212375 -75.4531046217215
0.623239574685793 0.947002641842304 1.17834049921736 0.0137384947287715 -75.448335340232
0.623534030466076 0.940665963600863 1.15487197022591 0.00696389881827746 -75.4543277753903
0.623046767676856 0.935938345558017 1.21891185629592 0.0258330041450013 -75.3518662231195
0.623056005050819 0.932055724557127 1.260966953397 0.0321212751430509 -75.4283936684543
0.623358757386004 0.935735722038782 1.1955555138307 0.0257872759464223 -75.4601936765743
0.623287889650522 0.935753381340559 1.20398480022274 0.0221900892384435 -75.428209982652
0.62318974091153 0.940543990145412 1.24171203973273 0.01682175540217 -75.4523655629345
0.623406404152155 0.93657587758408 1.19274571053751 0.0256639154062701 -75.4169250428726
0.623388168486953 0.936640987142732 1.17315110096679 0.0169741761224196 -75.440096257233
0.623522585591629 0.936468959900323 1.11437843418301 0.00854302561143802 -75.4807385510818
0.623385959042056 0.936764036332041 1.15219334977233 0.0120277635320456 -75.4311906555724
0.623139027198515 0.942092529944438 1.19846100982725 0.0152764691826468 -75.3803768651278
0.623585076523332 0.936911849490368 1.17116622544078 0.0158483461895832 -75.5142801655389
0.623330368790038 0.936879792158042 1.18864549543654 0.0113944700375848 -75.4423186051718
0.623469532185382 0.941686199155792 1.23995780427 0.0228849693746278 -75.4343142919385
0.6232551080851 0.941635946980635 1.22247097671455 0.019626811141478 -75.4224622325359
0.623272299951159 0.94082090117074 1.15780878478987 0.010439081747495 -75.4150011500026
0.623426648124355 0.939510930475625 1.17297084973586 0.00992359476545129 -75.4468497178365
0.62296579620661 0.940659291173561 1.20467884535111 0.0169402169802204 -75.4179147449947
0.623115686821815 0.941780829178252 1.14843007682444 0.0155433508719104 -75.4201264640808
0.623025911213856 0.942047632933193 1.14759951939368 0.0125446117684578 -75.4218471860588
0.623288424657903 0.940763433234507 1.19335686926685 0.0194169251518296 -75.4118035159637
0.623106906364228 0.940733711832794 1.21586519794714 0.0186010327496559 -75.4173149521341
0.623274707222803 0.94083052475377 1.19228877658659 0.0149008023382992 -75.4234442928734
0.623147643588334 0.940550810959757 1.16483709994837 0.0125790942836572 -75.4118222259607
0.62290330686012 0.940428231725979 1.22405809246632 0.0130244752207666 -75.3700900972224
0.623056641094103 0.940477908142555 1.22368431336333 0.0175167788502616 -75.389389287662
0.62298367529037 0.940715369528154 1.21757302640012 0.0169897813075565 -75.3841059958115
0.622959836851036 0.940676996785778 1.1909106135159 0.0155804987573668 -75.3901448852287
0.623365176650316 0.940537570916866 1.16776556578361 0.0209996343724347 -75.4448208350873
0.623173193706453 0.940566158206835 1.20827907107664 0.0139145564699652 -75.420847458462
0.622892957440036 0.940623822097177 1.18306047783872 0.0101880469853184 -75.3855344768883
0.622844659823446 0.94046493199314 1.12867879236891 0.00668032100968271 -75.3816500534199
0.623001770816108 0.940763898852505 1.2296490109614 0.018244372946413 -75.4132398158995
0.623135570466147 0.940566855731705 1.1649494734238 0.00849092954968072 -75.4029083065742
