8386.379
2886.009
2224.8
2780.878
2281.855
1188.37
957.089
570.1366
432.9416
415.3239
825.9312
282.1334
340.0495
355.7033
315.0523
188.894
202.2088
140.6848
115.5871
157.1512
118.8143
106.452
85.89688
99.90563
82.59522
79.32608
68.98844
74.81605
66.84639
63.58283
52.63474
54.74171
58.34343
52.54283
54.75773
52.71627
49.66674
51.70503
50.72575
49.85505
49.16005
49.42186
49.09901
49.16835
49.09329
49.04418
49.05551
49.01949
49.00932
49.0108
49.01125
49.01186
49.008
49.00873
49.0061
49.00678
49.00697
49.00763
49.00724
49.00622
49.00603
49.00525
49.00704
49.00701
49.00304
49.00714
49.00705
49.00693
49.00701
49.00691
49.0069
49.00697
49.00685
49.00698
49.00686
49.00684
49.00656
49.00687
49.00691
49.00688
49.00682
49.00687
49.00688
49.00687
49.00683
49.00688
49.00685
49.0068
49.00688
49.00684
49.00681
49.0068
49.00683
49.00671
49.00685
49.00676
49.00679
49.00683
49.00683
49.00682
49.00677
49.00682
49.00678
49.0068
49.00681
49.00682
49.00676
49.00679
49.00678
49.0068
49.00679
49.00674
49.00679
49.00676
49.00678
49.00678
49.00678
49.00675
49.00676
49.00679
49.00678
49.00669
