174.568251087914 1.89681337328768e-06 1.3964750670262 1236.22129135922 -55.3119343520087
6.91667859019512 1.92778970073881e-06 1.40368515810123 54.1465981748247 -70.3277769207556
1.4878860113312 0.000108835616846615 1.23479708253725 218.165192194695 -38.2280865389755
2.51120129684222 5.83924887892647e-06 1.49309614127853 4.47991988620045 -95.6265171359602
4.43360508635711 8.0925444092475e-06 1.44857033912301 181.485285968243 -64.9485781832473
3.96001300447767 0.000297210765744066 1.4159194627545 1577.05437702239 -42.3667474016735
1.36739544339436 0.00405016759873365 1.34914122536733 59.9371955163106 -32.7437557650744
2.58592646896953 0.971022238271326 1.71238980925087 959.868243824248 -43.2116285361924
3.0672622527771 0.0033204799469569 1.56221798539652 650.74317138915 -18.5507759487523
2.72920276910374 0.00980269796222443 1.38325646495044 183.55782155533 -88.8876408965948
2.24312212927932 1 1.27321515016546 272.619122799703 -43.3586301013477
6.44697857164746 0.0513271193481305 1.11756829864341 172.491997450614 -154.668917468187
3.81274992700625 0.064536398407155 1.5426562893577 347.557676636065 -95.4571518334587
8.17441451167586 0.0415620495800955 1.20281572701106 450.175992241486 -91.132188575666
2.80995405231026 0.0562773856385577 1.36438925538891 188.212887676 -69.8949867825312
4.36092069285721 0.607899383833477 0.995959385236887 74.0420368194663 -133.813804171721
5.42188526639807 0.00499520020865951 0.895202340786315 64.9596867186639 -72.1215193664022
4.37501148520503 0.0054492070965995 0.800077175990575 62.8970871327085 -28.2791916133663
6.97235287566237 0.000475192426695308 0.815391669441602 89.12235094847 -90.178295874174
4.24365498336553 0.000787792635868889 1.07903258871709 114.919010331706 -74.67591829832
7.75150701505757 0.00346887500858211 0.686935895837645 71.2122997724613 -185.065929095941
10.3800655163897 0.00584902686607052 0.659212326915103 106.409415801873 -73.8760472944163
14.9125094556841 0.00175735238207096 0.529429870181011 69.6983307106689 -75.0765685197906
8.42102148937575 0.0501500765858295 0.613499707343714 55.2595154727073 -67.890121837071
19.1008130671415 0.000570031673770986 0.5 84.0881134267779 -111.498823947176
29.9755911457487 0.0857719212603677 0.5 150.528590925347 -76.5220009777707
11.0163665060612 0.00425343558543335 0.582835149637132 73.4481160259964 -79.1597344452979
26.1866803848568 0.00132947672492368 0.584022911883401 198.845872791886 -78.1608852571589
26.8251684328916 0.00124680463684676 0.580381633694231 192.829235943209 -77.9874611393334
15.1979391262936 0.00351745034892476 0.591779813551578 105.898577011095 -77.9551963678041
11.5431694068069 0.00134247072158895 0.575994576112999 70.6280957273389 -80.9913471621558
11.4899055042831 0.000789838171141853 0.601260120993589 73.111403234085 -81.9471108609614
36.8951716573251 0.00134758061250863 0.527141281689671 210.319584147268 -83.5457017527631
27.3369728616998 0.00132375116293321 0.52207509487293 144.914026727163 -82.8919572267805
13.0077186386737 0.00242831750509435 0.578207915819491 84.0259285376898 -77.4758198032302
18.706606014105 0.00152176944645017 0.549717204420846 111.751758823833 -75.2118357350783
21.1012805523352 0.00122625918813074 0.532467063090893 113.805863742001 -79.9755758081274
13.9598806266245 0.00112057869258506 0.5842582272812 90.8560538428411 -80.1913485729037
15.0297183049418 0.00159760475138467 0.552551181589863 88.078273873822 -79.3117062601813
20.9787633108084 0.00133579188577736 0.529742983453424 116.556990811806 -76.9735326464233
17.7824084567444 0.00128871054729151 0.538455102776542 97.8320619392661 -78.5775428794647
16.081043186251 0.00146816476297186 0.550931681642228 93.3383067347922 -78.3801774180005
14.9383148790442 0.00129803694706056 0.555628572129408 86.3686831548433 -79.2437550929703
18.287154016228 0.00128820463345511 0.533130492262169 99.944272846617 -78.8406694382337
17.2666347672976 0.00126576515489428 0.545235562111295 97.7410123675039 -79.0461796229655
16.2031440119661 0.0012069476441948 0.547475944927536 91.7782645660726 -79.0046534147405
16.1183428953745 0.00120896690668466 0.545918290890682 90.1063586600481 -79.1321347536288
16.6928367990822 0.00126839884007718 0.544194319832366 93.7675028161498 -78.7386755985729
15.8833169194344 0.00123927299646576 0.548087794290366 90.0920929030485 -78.7409640934339
15.9878740806381 0.00125778523446047 0.548430056505536 90.8785872753396 -78.7947968029395
15.9526089917904 0.00126066498682186 0.548562138000797 90.4858590759228 -78.813498694458
16.0528430594971 0.00124991914628072 0.546457303820804 90.4104169070574 -78.8170616091861
16.1563938409036 0.00126522227869803 0.546689799546339 91.2423193970655 -78.768421647111
16.0105826406159 0.00123762653456544 0.548306837154362 90.7102700278517 -78.8646731917642
16.1097510022739 0.00124092376058373 0.547434132693385 91.117526548793 -78.844722036908
15.8482079669069 0.00123936068779364 0.548640048263448 89.8043234894676 -78.8664607633452
15.6900792607725 0.00126770790311856 0.549034678978258 89.1654944508574 -78.7282830523014
15.7888434116549 0.00125917333783024 0.549075785831328 89.7290214151221 -78.7916422202949
15.8883213049572 0.00126557589524382 0.548696808265326 90.238387608395 -78.7630614967856
16.0524920099227 0.00124127165452789 0.547024883439492 90.6501886143636 -78.7980046077783
15.9956928792764 0.00124031102694476 0.547520904105089 90.4053009787046 -78.8667990667768
15.9989525179159 0.0012413267056059 0.547593909642485 90.5057199833295 -78.8272914271293
15.9126484410679 0.00125327273219647 0.548400644525616 90.2757209290398 -78.7899499418916
15.913470640411 0.00126090390134747 0.548359719094721 90.2754762540517 -78.7829305592651
15.8487758594153 0.00126677579100189 0.548949173112777 90.0890532893051 -78.7811621589475
15.8826063283248 0.00125377605383044 0.548559878917515 90.1333567847146 -78.805790434091
15.8897976459208 0.00126011787973886 0.548515113861412 90.172924340538 -78.7903212061567
15.9216210920512 0.00125384531554713 0.548209620323094 90.2453825522339 -78.7952328890893
15.8745935380335 0.00125404092298003 0.548592126218733 90.0734393433406 -78.8064358232462
15.8945933335435 0.00125378075248126 0.548456307263202 90.1813698282422 -78.7966038631112
15.926070534885 0.00125381953256112 0.548256307351521 90.2975247160769 -78.797444697458
15.9118933449752 0.00125406729002501 0.548343801431986 90.2346508769891 -78.7924330655088
15.8726599767726 0.00125282969425994 0.548607426645979 90.0857178997593 -78.7900107105582
15.8910802607358 0.00125351943762862 0.548475452467298 90.1481107177962 -78.788393890447
15.8785371469243 0.00125407501836276 0.548561938070424 90.1032356590686 -78.797831520928
15.9253069934448 0.001253817434857 0.548270995821362 90.3078709474325 -78.7913083356726
15.9111337055752 0.00125587479232397 0.548353079387707 90.2398348383037 -78.7931888561396
15.9017811382182 0.00125405956669269 0.548434164713471 90.213610451591 -78.7939461698587
15.9130113640819 0.00125383517023452 0.548338841515372 90.2464151421801 -78.7930148550518
15.89507796782 0.00125347439618185 0.548515168762307 90.2055855307433 -78.7858706433954
15.9248165946867 0.00125393080018362 0.548211745412538 90.2819828203 -78.7836578159597
15.9031821297081 0.00125296677604726 0.548428672647962 90.2189421714508 -78.7905303883034
15.9072591043851 0.00125402352677999 0.548421287448728 90.2505904334558 -78.7838741373601
15.9005704769817 0.00125384629133373 0.548442943478227 90.2188599560408 -78.7838945186398
15.9113304088666 0.00125395967390562 0.548331961939697 90.23588857079 -78.7937171221222
15.9177547251733 0.0012531194879434 0.548302034615923 90.2759877760158 -78.7865398898352
15.9157761139881 0.00125377718324326 0.54832598547632 90.2674084369091 -78.7913131370125
15.9059851781056 0.00125397032887163 0.548401559092299 90.2375694647798 -78.7873131823936
15.8957124351098 0.00125393286380715 0.54850872448354 90.2198168095462 -78.780345210316
15.9038335713566 0.00125374213902151 0.548427057566647 90.2324260590177 -78.7900711721614
15.9031329208768 0.00125415365985066 0.548389653011329 90.2073664964882 -78.7889595772701
15.906950825618 0.00125412688814333 0.548414297344167 90.2505642312304 -78.7845037149841
15.9044891686725 0.00125405385720092 0.548449769816753 90.2478637369145 -78.7850845718078
15.9044511623496 0.00125417358806841 0.548369069116502 90.2043479274237 -78.7941908967543
15.8973155207546 0.00125400726256241 0.548444130044891 90.1961355237715 -78.7806848562491
15.9136023659396 0.0012538032318462 0.548333010587707 90.262108416615 -78.7811908337812
15.9081944350229 0.00125381038852975 0.548390575032009 90.2453988256266 -78.7879819382125
15.9177138247122 0.00125404058151898 0.548276824311501 90.264199869533 -78.7872444637918
15.9061816543059 0.00125421461079329 0.548382949989576 90.2307839582471 -78.7899256755392
15.9117598221377 0.00125397241868783 0.548357845252893 90.259652894392 -78.7842373279369
15.9155398913215 0.00125409691587153 0.548310266604267 90.2617254056165 -78.7903147251888
15.9085170169697 0.00125403112270956 0.548348584972089 90.229936139897 -78.786426525752
15.9051901398943 0.00125413504225985 0.548375714598804 90.2180364144174 -78.7899814292122
15.9035174308898 0.00125407776343574 0.548406284114645 90.2221519571881 -78.7881837145508
15.9088630166873 0.00125406078542468 0.54834977201055 90.2336889152724 -78.7886949761186
15.908621684508 0.00125384855853705 0.548370245086347 90.2401028535452 -78.7893769083657
15.9130525823453 0.00125412148977843 0.54832348980631 90.2521057527667 -78.7886357617634
15.8982820359202 0.00125412225049665 0.548449231813855 90.2045538538272 -78.7876058264709
15.9116784158155 0.00125389743642282 0.548347706534078 90.2552508165037 -78.7855359145231
15.8996509821069 0.00125419311933181 0.548429074594585 90.2046368616866 -78.7923753394858
15.9142372752296 0.00125418668363705 0.548298165176795 90.2466615563164 -78.7908661200209
15.9029644716025 0.00125396281505687 0.548412754799762 90.2241294843352 -78.7860474750252
15.892936597104 0.00125406999141382 0.548504166498258 90.1941156255184 -78.7848488379093
15.901290807553 0.00125418999240735 0.548405922256924 90.203240349861 -78.792239847235
15.8965073750799 0.00125410550138868 0.548452497942608 90.1918260696826 -78.7906036061396
15.8988848483655 0.00125416546994105 0.548433025145199 90.1980263919776 -78.7918811709588
15.9084400996682 0.00125405626599237 0.548356137888262 90.2334710460333 -78.7887947138636
15.9119028924917 0.00125398554327104 0.54832586069524 90.2453973606685 -78.7879889580757
15.8999180230474 0.00125407615669687 0.548449856000214 90.2186136502394 -78.7851296226274
15.8997010854099 0.00125406877269984 0.5484353527737 90.21038820615 -78.7895062682297
15.9034413038907 0.00125410145994394 0.548407559637673 90.2228868419782 -78.7873503362062
15.904248274665 0.00125408573317326 0.548379210805027 90.2138603640797 -78.792430098044
