573.389250533181 3.2670797688882e-07 1.4487480611233 788.293080754322 -90.1417135491665
71.3240558516968 7.94370477459502e-07 1.44519416071248 916.763137628509 -44.171113331866
252.005954482533 8.8632393010115e-08 1.48316483155473 23730.918545018 -73.3522045456116
3.51708387875155 9.49783964654223e-05 1.85709975762017 7725.18357485831 -72.0701197694191
2.6981911503284 0.0244001170856454 1.70539943439115 115.090390074771 -40.1685564576521
4.99432911019469 8.9877932673333e-05 1.63544082548853 18778.0107167705 -72.8344782465605
1.8470273671132 0.0331274049172482 1.39998251091607 7.42764939759556 -11.3506792254073
5.7464526222443 0.000991626561763475 1.86785743003285 340588.818474295 -45.6801769570773
4.59624338117891 0.000347685389374378 1.3304084465769 33376.8720278211 -22.5766861354545
167.095869147454 0.00904633382277501 1.20956398156674 1094456.59678591 -33.3769428696354
26.1277816596302 0.0316269130273969 1.08119798227362 34100.7269091117 -24.2234174160141
5.98795446519729 0.120338557233822 1.10187965665097 7281.51393083808 -12.8809370092676
6.96870932539836 0.128231346300672 1.26271806101665 32086.6978612376 -4.40689421816899
5.8093376719458 0.00539443282886386 1.37607304268301 59916.4586201071 -46.0460708998929
12.1164924975019 0.0140767773837997 1.24114369100511 36108.0984224615 -20.5817154025278
5.70127748181061 0.10284090530645 1.25432350638296 15990.937197138 -22.4417271783109
6.88063552656461 0.0893182262330733 1.4118454016028 76881.9354801536 -11.0895874838941
8.26676658749113 0.157573854896317 1.2529248637663 28481.168901835 -16.1526180732513
9.27439362590202 0.00295704243738169 1.14270297237408 13496.5993008001 -25.1797994462092
8.67161584692234 0.0104699595797087 1.16264878568138 15265.4664697887 -14.8608707267941
7.65996401593634 1 1.34078600501152 50421.035251211 -11.9247038415098
6.50106677005389 0.701264123986887 1.35860266619435 45734.7441745816 -8.67793246705978
6.36999869333343 0.250639927165441 1.29347579366588 29553.2374760794 -5.21654137067177
7.88015299203735 0.0078528914877147 1.17520747242986 16482.399289357 -12.9329065453135
6.20228131043567 0.247942068876789 1.38089751907358 50162.0025808943 -10.2208275198238
5.78436505778331 0.264987678841126 1.33177216555602 34224.512952923 -10.0446416054952
7.06385530089699 0.0464518742501623 1.25260954236868 24547.9510320321 -11.3587174958004
6.41079792804595 0.178859549480324 1.28620266662841 29227.2809040071 -8.1969962719005
6.27927333724233 0.0930855821721072 1.33826901185983 39764.831194296 -7.86766137542713
6.38121584533231 0.285293022617746 1.31092924224574 34070.0343960228 -7.92759175929936
6.09000865685539 0.0661534294970454 1.34327335270246 38186.024050675 -8.46536290432429
6.28687025963029 0.0542151993106747 1.2982588470114 29976.1670905116 -7.84810729381878
6.38064861332585 0.0579572574777631 1.31612353316476 35215.2226801257 -7.62023592527826
6.35267183654792 0.0438962859878818 1.30630766996648 32535.7565681994 -7.95938218257491
6.23970800816259 0.048129942539693 1.30946074518252 32107.1022134441 -8.01358001310729
6.47784020951472 0.0332528453619838 1.30769267184224 33050.1157959979 -8.61445352349482
6.364966563701 0.0323793432613363 1.32010516992885 35469.616290956 -8.43566377780476
6.32419930523908 0.0285229143723704 1.31665484974115 34425.2486137238 -8.1440133986431
6.30278256135907 0.0298124713511689 1.32057085312299 35237.075405762 -7.99879304554005
6.29078084624052 0.0238597816431858 1.31326126380295 33246.689923497 -8.36824403266274
6.38166479571844 0.0311200001351583 1.30774033767247 32736.7223084472 -8.2633488810113
6.35039757820368 0.0322552250662525 1.31096003650816 33355.5687649982 -8.17194668082466
6.2720229251889 0.0325375775982103 1.32018097201092 34864.1881290513 -8.11121991602542
6.32613710367141 0.0250525759327464 1.31211157003774 33316.0011086905 -8.34093075754004
6.32907603422143 0.0303455120884392 1.31582314062152 34201.6263263583 -8.16715850631466
6.33895909715304 0.0256213326256825 1.31463367542866 33877.9193111767 -8.2576882250398
6.37313742056094 0.0256168771772177 1.31057114250408 33207.6254783101 -8.33730586291615
6.32302873964832 0.0312270940562522 1.31655740647407 34295.3124406103 -8.24977549272975
6.32918968488664 0.0253586274732611 1.31507729522803 34018.8423017297 -8.37159940012423
6.33065523740546 0.0248447542656373 1.3142240779433 33856.729919172 -8.32009801964133
6.32450634006996 0.0324508552674452 1.31533237411136 34014.1909509008 -8.26982332408901
6.32453991617229 0.0262146714017993 1.31318553941615 33479.499446042 -8.39613509057716
6.33227568343731 0.0255815458632483 1.31400947521673 33794.5165673464 -8.32804929607178
6.32991957585057 0.0254105208126712 1.31249035331413 33403.8326682325 -8.27894758782588
6.34229226727757 0.0253568264705846 1.31287211083339 33556.0419985914 -8.40051518298892
6.33954460896259 0.0256002443823564 1.31413271255786 33821.0762825729 -8.34274742754282
6.33779373445419 0.0253901315024323 1.31121304029108 33148.8789821846 -8.34557601548874
6.34337665442186 0.0303994915756943 1.31314517807901 33665.472862394 -8.24388521530772
6.329344027303 0.0256447437788657 1.31323638742298 33598.528444501 -8.24236228252884
6.33767014510733 0.0253788425541415 1.3121928398725 33410.7864081174 -8.33558888072687
6.34362840238712 0.0255283295825032 1.31197545447541 33370.5089052055 -8.30924724049007
6.33769203749419 0.0256936493178272 1.31392458613043 33817.264104343 -8.31905109104661
6.33671095115255 0.0254906654124158 1.31296671243769 33562.0779690421 -8.30411061071659
6.35071423047556 0.0253964562038906 1.31129712212579 33245.1726120913 -8.34184459503156
6.34288414707599 0.0256064822305172 1.31212700799934 33398.246955925 -8.32329931416899
6.3431007516136 0.0255453384220638 1.31180796974116 33323.2641113175 -8.29268315598667
6.3386005677502 0.0255809786004729 1.31289778441664 33535.2023415272 -8.30198648307799
6.33794785290241 0.025462066600507 1.31255576015768 33466.8784496255 -8.28711012786551
6.33401366747962 0.0254333834121785 1.31303275035666 33530.1518060222 -8.34017681616577
6.33291245778059 0.025419657277156 1.31355060219827 33660.7819523458 -8.31173546805409
6.33673395975206 0.0255136253754093 1.31299902153299 33562.0261095153 -8.30986889265569
6.33513259777466 0.0255613646547141 1.31324223133252 33592.8871727028 -8.31288304560211
6.3355877455689 0.0254781743709247 1.31331476913306 33592.9644494693 -8.34894419895507
6.32952309374842 0.0255145679716286 1.31408341466389 33756.8885658483 -8.30715901126224
6.3379614808626 0.0255116799471259 1.31286825260762 33512.5667120477 -8.33408979045651
6.33095548839281 0.0255525949552409 1.31360193353591 33647.487606753 -8.32942979389506
6.33363659664253 0.0255126384697802 1.31380697392004 33707.4455635539 -8.33912692131324
6.33151187794179 0.0255325518705582 1.3137021644456 33671.7297460192 -8.33743317202062
6.3372348795835 0.0254698041573948 1.31340691336976 33649.6294120595 -8.31729062573498
6.33242397869138 0.0254096472588379 1.31323853658806 33573.9587943192 -8.31977416705405
6.33367607160143 0.0254894161728677 1.31381835539161 33703.1809638591 -8.34037813814732
6.32895224868966 0.0254309967875122 1.31386734749561 33682.9628111775 -8.32401680398372
6.33657840445681 0.0255416882459965 1.31285569703419 33503.7999881378 -8.31415120387235
6.33403924069062 0.0255489704224819 1.31336233795248 33618.0007179959 -8.31859051870138
6.3314864938567 0.0255366521921111 1.3134351088445 33598.4547736168 -8.32672786496818
6.33332713101457 0.0254327913333672 1.31351790314136 33650.2200310231 -8.34455469764688
6.33050948474793 0.0255501638396987 1.31370963025094 33681.2044973639 -8.33124772629366
6.32724403285327 0.0254302560734246 1.31414213777591 33731.4353350711 -8.33939243713175
6.33611538967316 0.0254374129688033 1.31302436439259 33527.3666296265 -8.34048502808793
6.32529048733422 0.0255653992850088 1.3144540896944 33808.0215467968 -8.32100159784808
6.33155543506335 0.025516976132142 1.31407013017137 33783.1316214866 -8.30304930959617
6.33238785069766 0.025426893635596 1.31376577182695 33693.0608072683 -8.32762916029044
6.33317216046972 0.0255155961038043 1.31358342348617 33652.56420925 -8.34229428724465
6.32873825023692 0.0255297389626403 1.31422280786274 33779.57967193 -8.32643532569387
6.33247379904075 0.0255877743835576 1.31349679846686 33634.6731082446 -8.33282598513905
6.33303888616326 0.0255234811365599 1.31366145632003 33680.960983619 -8.3230659475921
6.33129907218784 0.0254976597957719 1.31384000256024 33699.3623299409 -8.32540773757363
6.32727556460305 0.0255329297373869 1.31424129209017 33776.5199048161 -8.31918632011325
6.33009919850354 0.0255213506990661 1.31381732610414 33697.0699204304 -8.33145069181829
6.3303591351649 0.0255286853427658 1.31410383293675 33769.2831383 -8.32490208623797
6.32878884801292 0.025504140292427 1.31410169427501 33754.3057159783 -8.33532094660674
6.33064880924114 0.0254864723784399 1.31417937824041 33786.3514073733 -8.31103626040073
6.32783134636682 0.0254858350575922 1.31427333361141 33792.9317237596 -8.32080488004597
6.32921390511436 0.0254704738741754 1.31420824162473 33777.5691586413 -8.3290123882183
6.32773196248451 0.0255780310931636 1.31449965764329 33861.4049248366 -8.29160178230327
6.33116644149767 0.0255430354282457 1.31379518567004 33695.9557386459 -8.32086469283357
6.33106151449888 0.0255215118481733 1.31406829178578 33763.4242629243 -8.3250209804746
6.33263771764292 0.0255572250680494 1.31387019836148 33728.6423312068 -8.32205995105747
6.33362563119869 0.0254923680346572 1.31371705590697 33685.9937488285 -8.33951615375212
6.33485813324245 0.0255887068905004 1.31318361245518 33579.8513254638 -8.3259784144226
6.33140806843321 0.0255684882200456 1.31397953856664 33756.222881421 -8.30250664293459
6.33341422655037 0.0255037042727737 1.31388318892997 33736.9705833261 -8.32165021104387
6.3305486413261 0.0255361349045744 1.31417497193984 33791.3894694467 -8.31601247910871
6.3292191311431 0.0255704628691613 1.31437851621189 33837.3206787992 -8.28943823411241
6.33170558613305 0.0255723476764448 1.31403985964138 33773.2612224334 -8.30311838678782
6.33335877062032 0.0255126878319055 1.31403184973372 33773.8915975793 -8.31556046175722
6.33008069756675 0.0254560010265109 1.3142803877654 33800.4342325094 -8.32528485963505
6.33412572636288 0.0255570830742874 1.31349044099273 33646.3999157579 -8.319449336523
6.33231537507205 0.0255573816699982 1.31407223998805 33786.0432236528 -8.30594591819554
6.33089421378726 0.0255514749199979 1.31437233901026 33851.9146417243 -8.29530378213602
6.33263136816558 0.0255429714268388 1.31365885541239 33673.1029333564 -8.3339880296007
6.32933029025165 0.0254875588827068 1.31459545757644 33881.2919962933 -8.32380850316617
6.33164205542123 0.0255454166409564 1.31384332766952 33710.7778892348 -8.34957717741504
6.32877877398637 0.0255515605305073 1.31464868736861 33900.3448960939 -8.30871194536387
6.32943585706988 0.0255416204488392 1.31465183265137 33903.2012678685 -8.30266227876173
6.33428279215323 0.0255536837537101 1.31391032062667 33750.5051594243 -8.33447683178279
6.33085241260378 0.0255502934922653 1.31423588183183 33802.1472625443 -8.34331324581179
6.33373714635872 0.0255561346931111 1.31404371817412 33782.707774138 -8.32717000199879
6.33209865945921 0.0255539548840829 1.31398090325906 33748.7443590173 -8.33586748882979
6.33069136389566 0.0255497520867297 1.31421925120862 33799.5028426413 -8.3267940315449
6.33216233564124 0.0255101285406823 1.31393259348578 33727.6951475391 -8.36276854672116
6.33042349572972 0.0255437394911757 1.31423663163639 33802.3223529031 -8.33876427646332
6.32627807610068 0.0254754833430238 1.31479458090617 33906.0571526888 -8.32195135455705
6.32924293154127 0.0255108953852691 1.31457370106981 33878.1676084432 -8.33528400585619
6.32925758052873 0.0255714959451057 1.3144253067204 33848.5071019793 -8.31092207663607
6.33000150363048 0.0255388544277351 1.31436386939254 33833.9666892756 -8.3222035161071
6.32726382068269 0.0254753449607816 1.31477955151092 33910.4807374379 -8.31520581853888
6.3286138793537 0.0255068286652116 1.31452633670165 33860.4053505655 -8.32587561480141
6.32940343568643 0.0255351316600407 1.31435487843819 33818.167591607 -8.34291282856996
6.33093768181608 0.0255478311500685 1.31435328022716 33844.2699870793 -8.30962199042176
6.32582073792448 0.025496115158395 1.31488479913281 33923.6098831994 -8.32554602068629
6.32981707194195 0.0255204424852364 1.3144567639574 33854.6112624833 -8.31945969845056
6.3286918226411 0.0255029388977203 1.31463047826681 33888.6387900364 -8.31764426584529
6.32974257346515 0.0255463546889076 1.31445968159128 33857.0450330179 -8.32326443301591
6.33257137777804 0.0255603079769416 1.31388097664301 33730.0633101967 -8.34085300260732
6.33228228490086 0.0255739665279215 1.31408578951816 33785.2642311317 -8.32513147154978
6.33218293464161 0.0255363095491976 1.31392421049877 33731.8797126316 -8.3497162665626
6.33251637964216 0.0255743963703738 1.31383428418257 33715.8030507534 -8.34321690719046
6.33150794250017 0.0255487631177159 1.31416266616052 33788.8717651803 -8.32922957826269
6.33141102299112 0.025549414089903 1.31416275074737 33797.1614690443 -8.32604268368297
6.32953806463136 0.0255357407401995 1.31449387712516 33859.1614548171 -8.3253447407178
6.33016256336174 0.0255391175844642 1.31432715246961 33825.6087763297 -8.32544893179429
6.33084758971049 0.0255554916600351 1.3143210235975 33833.6585678283 -8.33322975090995
6.33419098831408 0.0255987646808074 1.31363759466669 33681.5738063042 -8.34703065855349
6.33094302899758 0.0255560373664005 1.31429056310197 33826.9903662206 -8.32564534683929
6.33112444854231 0.0255527766999592 1.31418046993091 33790.3702856107 -8.33807472426064
6.32902237819468 0.0255248176428544 1.31465600821166 33898.363323065 -8.31203738857738
6.33198007659284 0.0255604355843643 1.31410698360756 33785.3340911477 -8.32805396863551
6.33013126332112 0.0255371290026082 1.31446355533704 33863.2074416431 -8.31824085058753
6.33214010202778 0.0255594472030517 1.31406797336243 33773.5263777391 -8.32985543712092
6.33251039108083 0.0255784800034338 1.31404701986128 33777.3690054166 -8.32446705894002
6.33108645013027 0.0255481846400726 1.31435653848943 33839.6421612517 -8.31610987368466
6.33097913785397 0.0255326829013077 1.31418930743183 33790.4811775408 -8.33124648397904
6.33054294583213 0.025538814653491 1.31428707170301 33817.1245013598 -8.32584282339782
6.3309779744104 0.0255488021069477 1.31413581999312 33781.8762479411 -8.33018883419433
6.33164139764669 0.0255461932302783 1.31405436026276 33759.8850761794 -8.33701435206115
6.33156878144422 0.0255478823733125 1.31415426892995 33789.5666333051 -8.3265606665416
6.33019503739183 0.0255424422843128 1.31436378187303 33837.7061885871 -8.32321925443187
6.33161955411511 0.0255469735722897 1.3141677787129 33792.793084615 -8.32473862994452
6.33277947032671 0.0255729916246235 1.31395678735582 33752.8589080113 -8.3301721433708
6.33158331311742 0.0255738925608017 1.31418657071825 33805.2625575702 -8.32555604287338
6.33093832831549 0.0255519816468075 1.31417581843528 33791.6955348618 -8.33204827983823
6.33250056700591 0.0255710001029177 1.31400276026814 33756.0846800365 -8.33505193363935
6.33252330908882 0.0255632077410488 1.31390113798206 33731.1478935744 -8.33893500710892
6.32981525791601 0.0255255885810896 1.31451097111676 33865.8109267331 -8.31733438393619
6.32925679104494 0.0255125492491493 1.31461836061732 33887.6078038382 -8.31474034129696
6.33155970549431 0.0255615097967134 1.31411094981263 33780.8636155294 -8.33188207863974
6.33183658289043 0.0255496125292446 1.31419450319759 33802.5090868985 -8.32320374859679
6.33195409100683 0.0255536700467247 1.31415260573939 33792.7864478123 -8.32519093875479
6.33271321695834 0.0255765697823634 1.31403530965936 33771.6570825661 -8.32730361337554
6.33131048823194 0.0255435937615859 1.31422977468836 33809.3252903763 -8.32252006843992
6.33049270241689 0.0255202631135124 1.31442115040002 33846.7149420112 -8.31573308864197
6.33069109627242 0.0255364413439239 1.31438435312832 33840.2119965936 -8.31996249254258
6.332554270758 0.0255781096250348 1.31406259055658 33777.6121571214 -8.32668379899319
6.33049921690396 0.0255562884138567 1.31439882359834 33842.183199924 -8.32531098271958
6.33163877253905 0.0255902368894517 1.31415925164956 33796.4763091309 -8.33290830007833
6.33194714104959 0.0255684982758028 1.31404593664973 33770.5765891096 -8.3323960444153
6.33227222639219 0.0255761565193515 1.31407054839362 33775.8054880929 -8.33055687262296
6.33136370634085 0.0255614901122786 1.31411649082083 33781.0727065978 -8.33395918086383
6.33145980820551 0.0255584662858311 1.31415161050953 33788.3899594423 -8.33237640131957
6.33180069796375 0.0255627317775333 1.3141351237199 33786.6282329333 -8.32938304596532
6.33099071019795 0.0255395889841023 1.31438652516687 33839.4132984321 -8.32011032176055
6.3322863727254 0.0255772439985957 1.31411692854595 33783.7080090759 -8.33134568695688
6.33222887622832 0.025572062375117 1.31404665798175 33766.6704120225 -8.33419921244536
6.33121410934294 0.025556652138642 1.31422789897168 33803.5281703502 -8.32967643065984
6.33333790143876 0.025586717410221 1.31378682363353 33703.5707292232 -8.34784011833628
6.3319350399762 0.0255785917129742 1.31395144781846 33737.0271871149 -8.34714737620714
6.33340477973182 0.0256026741547457 1.31359848483393 33659.4236833015 -8.36138248560457
6.33186410405821 0.0255696359819655 1.3140685043508 33765.4136468784 -8.33920282548566
6.33225984742468 0.0255763567648667 1.31391116963109 33728.8997707205 -8.34657414069689
6.33306724634005 0.0255740922524514 1.31374733327835 33697.1356763773 -8.34566610144137
6.33393102011763 0.0255936396361621 1.31365496842958 33681.9192191966 -8.34664168118083
6.33191559767388 0.0255615816213156 1.31402123175668 33755.8724172143 -8.33772815804298
6.33250099814606 0.0255643758424055 1.31395500778237 33744.9452805653 -8.33504599140416
6.33166705278664 0.0255898098399763 1.31407710389805 33772.9404593545 -8.3394864500023
6.33253244020171 0.0255843949601108 1.31386561291813 33720.9175122637 -8.34745754654447
6.33128964409159 0.0255407011456905 1.31429147107293 33816.9590971939 -8.3237979523379
6.33139064938427 0.0255918882350555 1.31426724009545 33820.6886204496 -8.32870486874381
6.33126549132438 0.0255552663086355 1.31437867340039 33845.1301446756 -8.31644606308791
6.33099644019383 0.0255640319885059 1.31432805773293 33826.982304171 -8.32562918871078
6.33165260306476 0.0255569840838251 1.31413955431847 33780.0197057569 -8.33473150298149
6.33037514627331 0.0255423861617593 1.31451778044955 33867.8174200851 -8.31764822640737
6.33173051367239 0.0255764175881548 1.31415654433701 33790.4195001923 -8.33209555122336
6.33177057777486 0.0255864954130807 1.31411413891496 33779.9033742951 -8.3369288966749
6.33163171270668 0.0255627179320298 1.3141774393851 33795.3170765557 -8.32911364635105
6.33087693428798 0.0255468202690748 1.31443036120177 33851.1366000974 -8.3182185386881
6.33127314046927 0.0255584638069936 1.31424136533351 33808.7559018176 -8.32744031185598
6.33120943848029 0.0255490332408811 1.31429242258204 33819.0332600713 -8.32480074919921
6.33099447459345 0.0255362218387812 1.31435115323919 33830.7085623222 -8.32061393472708
6.33159587279639 0.0255575216469442 1.31423141216862 33804.6627586029 -8.32772388084523
6.33126430772298 0.0255462383954647 1.31430452646029 33821.2420386199 -8.32220827012269
6.33042002468676 0.0255350860743741 1.31449363284109 33865.9678004856 -8.31405021340775
6.33104337440862 0.0255398252171214 1.31431271303959 33820.8254404695 -8.3239203514779
6.33201049461551 0.0255581435939113 1.3141455236577 33786.2882390898 -8.32820547428026
6.33240148033052 0.0255687321680763 1.31401563404194 33757.0779547662 -8.33477349605698
6.33213663897741 0.0255674648628179 1.3140396922285 33763.1443096968 -8.33495844804574
6.33200531883334 0.0255634906302159 1.31410417456436 33775.5083451703 -8.33295336760611
6.33122717406152 0.0255513447717457 1.31429023522165 33819.0094682571 -8.32527211232675
6.33218868205807 0.0255644966063388 1.31408355256268 33772.2286474773 -8.33215797393953
6.33123999079387 0.025545611691151 1.31434436602562 33830.8506943269 -8.3207558758176
6.33246696964544 0.0255691096126108 1.31404015000713 33764.9934375786 -8.33221516487406
6.3323838460002 0.0255723016213004 1.31402433313828 33758.1837983515 -8.33614327841615
6.33381291848589 0.0256016811095991 1.31369908035059 33687.1330093599 -8.34880571454903
6.33208079796443 0.0255621286125283 1.31412569256132 33780.712209269 -8.33104092303831
6.33261656756701 0.0255702507538131 1.31397462167971 33747.5900357193 -8.33673721995225
6.33246223089454 0.0255642699376996 1.31397793651547 33748.0791654025 -8.33623575783128
6.33260859258927 0.0255725105463797 1.31396369831529 33745.2851228714 -8.3375433361156
6.33211473069062 0.0255690113572056 1.3141099079148 33779.8963813763 -8.33126652713157
6.33309129543806 0.0255797505603305 1.31381867260281 33712.6433744035 -8.343364755149
6.33240374305489 0.0255645882820889 1.31398991594362 33750.6696451806 -8.33625204525997
6.33146961297961 0.0255500381832209 1.3142553377629 33810.1748225335 -8.32501372492787
6.33180581877636 0.0255648242497018 1.31416008712136 33789.8940286624 -8.32994186301733
6.33193310537889 0.0255604618501458 1.31412561572814 33782.0609428091 -8.33047281706313
6.33254988915272 0.0255673231336422 1.31397535315611 33747.8387391084 -8.33624688122936
6.33257664410183 0.025569461875757 1.31397713551207 33748.7596989013 -8.33606785674237
6.33245894053366 0.0255722125477968 1.31399193480848 33751.0540059225 -8.33689639305012
6.33168804680487 0.0255530844745292 1.31418658411147 33794.9096218321 -8.3276857201125
6.33264375160843 0.0255710361183989 1.31396347364985 33745.3274927273 -8.33677276890908
6.33332160887256 0.0255845005396105 1.31379200835827 33706.2355562665 -8.34461486719112
6.33254346608236 0.0255664269018737 1.313996335207 33752.9118148761 -8.33477708281008
6.33320875125781 0.0255800775653447 1.31381397133329 33711.8076489336 -8.34301018109477
6.33239062434347 0.0255692096622828 1.31402881910767 33760.0458864153 -8.33456157697575
6.33218626089129 0.0255656540051997 1.31406038468146 33767.2037059234 -8.33333399798317
6.33277873123 0.0255731848038238 1.31391181040683 33733.4289291228 -8.3391527515205
6.33311102693105 0.0255767955685483 1.31382653352265 33715.2501917966 -8.34205861587085
6.33298217647593 0.0255733885789218 1.31386257880558 33722.7288546751 -8.34070603384857
6.3322831378483 0.0255673904516324 1.31405250836898 33765.4573702576 -8.33375555317564
6.33241948667242 0.0255663815637669 1.31401663467549 33757.3220319071 -8.33466022289164
6.33286704050898 0.0255723249275041 1.31390038361432 33731.5493319393 -8.33912281787832
6.33277413467951 0.0255735566064518 1.31389942324432 33730.7421882881 -8.33985892647615
6.33302584595106 0.0255754323570269 1.31386221785362 33722.7030745725 -8.34071062999781
6.33320103767013 0.0255803347695902 1.31380580387976 33709.8119795771 -8.3435665686619
6.33279884292275 0.0255769983416614 1.31392040041075 33735.3541806907 -8.33928627100724
6.33273662649698 0.0255757869539643 1.31393046983896 33737.8613978261 -8.33890805099009
6.33278797630885 0.0255772507015217 1.31391939944054 33735.1133668869 -8.33960705312211
6.33238213677832 0.0255708159564387 1.31402637303036 33759.6580806793 -8.33494433028619
6.33262791904762 0.0255754409106297 1.31395374874167 33742.7559036109 -8.33833355001436
6.33234868488907 0.0255745072578655 1.31404458607657 33763.4148978487 -8.33495390522138
6.33315542241977 0.0255797335783995 1.31382190510919 33713.3881861683 -8.34286769772507
6.33236544900282 0.0255709896892148 1.31402692646052 33759.4027619879 -8.33528495426201
6.33276566246482 0.0255752885177698 1.31394460775688 33740.8699183919 -8.33812940320873
6.33246165126652 0.0255726350957637 1.31399979727622 33752.8799924905 -8.33671335888612
6.33227257959918 0.0255709847047782 1.31405987312738 33766.7055079973 -8.33409251794749
6.3329425439576 0.0255795530025435 1.31389808410897 33730.5132029488 -8.34009878867434
6.33286137112578 0.0255772662861697 1.31390367759389 33731.8451404917 -8.33974786825689
6.33283230456199 0.0255761709945318 1.31390740281756 33732.3400987642 -8.33978677496898
6.33293521330709 0.0255751236120166 1.31388543278262 33727.6433828677 -8.34001007153709
6.3326404731932 0.025570738118195 1.31395164698791 33742.622977966 -8.3375110798914
6.33261698964297 0.0255732719037083 1.31396681218492 33745.8358591911 -8.3373479331308
6.3326812864189 0.0255722986618721 1.31394831465517 33741.8513022923 -8.33775055765842
6.33263064440166 0.0255761703946653 1.31395602138166 33743.1503189006 -8.33841563147742
6.33249875088856 0.0255716469642936 1.31399703770752 33752.7391077458 -8.33608111226547
6.33284638067331 0.0255746982109406 1.31390553026149 33732.0361336636 -8.33948463095238
6.33258785858214 0.0255729382875029 1.31397595601972 33747.8048893705 -8.33702523258556
6.33281629359422 0.0255765972632014 1.31392322782391 33736.0139716791 -8.33905995428732
6.33250067817146 0.0255715300592651 1.31400150942231 33753.9027318055 -8.33577593880153
6.33274883032886 0.0255740708747072 1.31393274131015 33738.2106486586 -8.33847588838674
6.33254337161951 0.0255720045728565 1.31399727397929 33752.8950434967 -8.33583018930646
6.33242584932758 0.0255718361699743 1.3140333364561 33761.0026310952 -8.33451608650313
6.33264903105803 0.0255729355697786 1.31396857151423 33746.4802509569 -8.33689717293528
6.33255950980255 0.0255704410034454 1.31397451224614 33747.566132115 -8.33689988611726
6.33237101767605 0.0255686261387707 1.31402938585113 33760.0449667904 -8.33469053378031
6.33267535362292 0.0255731126840652 1.31395273711606 33742.4867825892 -8.33777955091779
6.33249097001718 0.0255694652107957 1.31399948137004 33753.28232731 -8.33568422639966
6.33266116656946 0.0255703698049189 1.31394759022129 33741.644069921 -8.3376537115065
6.33231398898499 0.0255676684082808 1.31405372625226 33765.7464252925 -8.3334942849751
6.33274440770046 0.0255735342239116 1.31393217711198 33738.0980186496 -8.33847234474677
6.33261452694188 0.0255727353651252 1.31396863341934 33746.199805566 -8.33724583565098
6.33242584709681 0.0255684201977868 1.31401312061582 33756.1694784855 -8.33533442041881
6.33253470162973 0.0255692722214238 1.31398419190871 33749.6101577237 -8.3363680331332
6.33217293729704 0.0255651335621383 1.31409732045188 33775.9507550133 -8.33147498971184
6.33261957535009 0.0255737197004521 1.3139661337556 33745.7659629658 -8.33744163796691
6.33264954365305 0.0255714443393644 1.31394187779118 33740.2037267479 -8.33825400239264
6.33255642080259 0.0255701148398352 1.3139703350078 33746.9390127923 -8.33695796938477
6.33256247629455 0.0255700602089279 1.31397439731828 33747.771078931 -8.33671948264337
6.33259301470599 0.0255721364863197 1.31396188419532 33744.8346849814 -8.33756082396397
6.33222241302679 0.0255656275083501 1.3140674568422 33768.1713431392 -8.33330687050792
6.33235762469105 0.0255682827611079 1.31402379576201 33758.5665435192 -8.3351380924115
6.33230413987081 0.025567129938832 1.31405987538038 33766.8303995905 -8.33329927834948
6.332450823193 0.0255701406669811 1.3140262364859 33759.4886147473 -8.33458565558481
6.33251963285229 0.0255701924105318 1.3139863297693 33749.9529574641 -8.33657804886544
6.33235468059008 0.0255676181336239 1.31403440975438 33760.9702485134 -8.33449395789919
6.33262909407091 0.0255717882721505 1.31395693629963 33743.5535240431 -8.33761463724059
6.33259406298666 0.025571728584636 1.31397131044739 33746.9195827532 -8.33701741140742
6.33268762337897 0.0255732616152924 1.31395033373878 33742.1654743368 -8.33783681831834
6.33247179180229 0.0255698801948299 1.31400311521292 33753.8923341917 -8.33583738345836
6.33255339334924 0.0255719106553961 1.31399035740064 33751.3438481149 -8.33621624933293
6.33258872800969 0.0255715207900729 1.31397239945629 33747.2519025179 -8.33690035458067
6.33236535105227 0.0255677126440549 1.31402439958219 33758.7429285545 -8.33499054855793
6.33244379941512 0.0255704467890772 1.31401488513265 33756.7602957691 -8.33538467536736
6.33296777510969 0.0255789210180696 1.31388887338816 33728.6351091537 -8.34017253096252
6.33245449985434 0.0255697941502922 1.3140089459404 33755.3904942466 -8.33553615212551
6.3327466725522 0.0255752362582125 1.3139418208372 33740.3642030903 -8.33816096757596
6.33262489982369 0.0255722519470753 1.31396337047343 33745.1387084477 -8.33733225699877
6.33264172936864 0.0255733821874004 1.31396143989994 33744.8773057615 -8.33741673768164
6.33281696303123 0.025575985510614 1.31391103852538 33733.333889499 -8.33953300280884
6.33289214310115 0.0255771694349485 1.31390820895002 33732.9170115457 -8.33932897205044
6.33292769237186 0.0255776236077735 1.31390139993626 33731.4431421516 -8.33955145190827
6.33274552939084 0.0255737226137122 1.31393872031506 33739.742457546 -8.33808655033592
6.33303748436841 0.0255795722071751 1.31386806123725 33724.0143985989 -8.34092643999614
6.33280398043222 0.0255749779013864 1.31391624028301 33734.4923911571 -8.33919634969676
6.33257202592641 0.0255715158410816 1.31398322092235 33749.5308010697 -8.33651655584189
6.33306989367704 0.0255809142374582 1.31386060303985 33722.2780429538 -8.34135125449624
6.33299366469592 0.0255791975883103 1.3138796937953 33726.4384896072 -8.34059380957017
6.33297199362595 0.0255777887452933 1.31388404114051 33727.5382912946 -8.34022366797525
6.33288759759496 0.0255774662209397 1.31390386767158 33731.7208598683 -8.33973899554008
6.33276558529755 0.0255746833738907 1.31393377580231 33738.6422705522 -8.33836464824404
6.33319005754723 0.0255812433649792 1.31382510586864 33714.2471373426 -8.34261326470046
6.33275274780324 0.0255761101967211 1.31395063103313 33742.3738753228 -8.33777690101615
6.33265690076502 0.0255728674792768 1.3139676965449 33746.1647698113 -8.33698192213279
6.33280725636892 0.0255756176191052 1.31392745683821 33737.1236193621 -8.33862483423625
