13559.94
8902.177
3140.938
2571.139
2548.206
1841.477
2211.696
620.8451
360.973
600.9021
134.2343
84.95369
59.80795
157.8029
129.6581
77.9639
55.61387
57.55731
89.22153
66.69707
54.90387
46.50743
49.14321
51.89745
46.01579
48.99169
46.40022
44.79468
44.18951
44.24597
44.35115
44.01177
44.05946
43.8649
43.86786
43.81214
43.74183
43.70977
43.74712
43.71101
43.69429
43.69597
43.67652
43.68053
43.68373
43.68158
43.68138
43.68274
43.67169
43.68076
43.67226
43.68307
43.66838
43.67438
43.67083
43.67672
43.67176
43.67422
43.67171
43.6703
43.66916
43.67129
43.66806
43.66971
43.66842
43.66743
43.66556
43.66695
43.66709
43.66668
43.66679
43.66317
43.66779
43.66733
43.66757
43.66471
43.66672
43.66677
43.66779
43.66705
43.6662
43.66719
43.66554
43.6666
43.66843
43.66644
43.66434
43.66537
43.6674
43.66678
43.66546
43.66681
43.66654
43.66536
43.6646
43.6667
43.66624
43.6642
43.66642
43.66431
43.66658
43.66587
43.66559
43.66564
43.66646
43.66671
43.66269
43.66513
43.66669
43.66486
43.66444
43.666
43.66644
43.66695
43.66662
43.66735
43.66671
43.66489
43.6667
43.6633
43.66802
43.66661
43.66526
43.66706
43.66592
43.66712
43.66677
43.6661
43.66636
43.66482
43.66356
43.66515
43.66542
43.66766
43.66481
43.66469
43.66543
43.66629
43.66683
43.66676
43.66603
43.66671
43.66691
43.66428
43.66441
43.66791
43.66665
43.66632
43.66706
43.66676
43.66716
43.66612
43.66285
43.66497
43.66655
43.66775
43.66683
43.66519
43.66406
43.66495
43.66473
43.66474
43.66538
43.66436
43.6665
43.66674
43.6648
43.66483
43.66542
43.66615
43.66672
43.66659
43.66648
43.66437
43.66547
43.66438
43.6653
43.6644
43.66297
43.66619
43.66575
43.66699
43.66529
43.66458
43.66654
43.66638
43.66725
43.66714
43.6657
43.66728
43.66656
43.66682
43.66285
43.66648
43.66439
43.66495
43.66346
43.66636
43.66644
43.66762
43.66488
43.66631
43.66644
43.66638
43.66562
43.66633
43.66728
43.66614
43.66692
43.66482
43.66335
43.66504
43.66708
43.66553
43.66619
43.66501
43.66457
43.66675
43.66773
43.66474
43.6644
43.6677
43.6663
43.6672
43.66657
43.66658
43.66499
43.66462
43.66669
43.66674
43.66791
43.66683
43.66648
43.66447
43.66671
43.66551
43.66519
43.66663
43.66713
43.66624
43.66526
43.66497
43.66431
43.66644
43.66605
43.66499
43.6647
43.66649
43.66326
43.66656
43.66657
43.66629
43.66659
43.66652
43.66472
43.66642
43.66679
43.66618
43.66625
43.66289
43.66627
43.66484
43.66627
43.66621
43.6663
43.6648
43.66785
43.6644
43.66673
43.66668
43.66627
43.66516
43.66655
43.66637
43.66782
43.66542
43.66544
43.66321
43.66634
43.66334
43.66473
43.66487
43.6664
43.66446
43.66471
43.6645
43.66631
43.66495
43.66445
43.66585
43.6652
43.66678
43.66648
43.66477
43.66615
43.66639
43.66518
43.66667
43.66662
43.66613
43.6664
43.66505
43.66649
43.66482
43.6662
43.66674
43.66742
43.66357
43.66534
43.66636
43.66783
43.66637
43.66468
43.66611
43.66642
43.66519
43.66624
43.66798
43.66638
43.66299
43.66641
43.66637
43.66467
43.66526
43.66484
43.66655
43.66507
43.66678
43.66424
43.66617
43.66647
43.66451
43.66468
43.66655
43.66616
43.66496
43.66655
43.66789
43.66505
43.66644
43.66657
