573.389250533181 3.2670797688882e-07 1.4487480611233 788.293080754322 -90.1417135491665
179.956083611037 3.94387118010747e-07 1.67657841456525 5427.90822825086 -100.511726666794
0.857984995972917 0.00134402557604244 1.23037173732038 1587.9804228529 -36.1696970924244
1.07291049690776 3.52167527818717e-05 1.69755942377309 13103.1605533593 -31.7572072014373
1.8875620098668 0.000216382032820859 1.83220924866721 3.51307322162048 -112.964561830617
1.77013244697892 0.00369675656457 1.23722147344493 8634.92310494119 -67.977410671177
0.957723749743882 0.00271259028907947 1.28850626810751 49084.6238091767 -46.1061141249092
1.16954061391868 0.104905198467324 1.31887219687362 122288.328254622 -76.8111235889276
3.22242661337177 1 1.4110024121806 418766.565038036 -34.3387687700663
2.05756604851578 0.004388092194027 1.72835549970512 19347094.7505848 -6.83097814082072
37.9137166257645 0.00701298561214369 1.45103685863109 66170283.2849622 -52.9632742799667
1.51304184029331 0.0122627181443382 1.42637300822233 264230.644036627 -19.5947198305908
1.73747093699724 0.00529495325036895 1.48497940766763 1178974.44298826 -9.09714015952978
2.20128594287257 0.00120706082136972 1.38336448846312 203976.693455736 -33.7370550588771
4.11440797471806 0.00366988645792313 1.39822630622661 3299138.66205425 -9.11023892583829
3.64232951228124 0.0761562343565086 1.27721723635296 250975.694388303 -16.6286101975005
5.38781282895601 0.0344271560681568 1.17000404693587 428076.106928357 -10.5550264455932
4.2233011403067 0.00214434533608985 1.1742179172635 298717.657071964 -5.53442370818963
3.14621460816136 1 1.21409626797659 269763.86708337 -5.38852190729606
3.467033424998 0.111869012330304 1.11970195964409 112123.754168435 -15.2290064221578
4.27470369524371 0.0131279306554201 1.28534959784452 749923.269094233 -7.15060466722578
2.88660283216484 0.299479877335173 1.1279383979415 114812.136606642 -7.8349051128037
8.98908637680231 0.00910658257978587 1.1019779421343 260471.613160257 -119.969720860537
5.63214800748178 0.18416209383699 0.869175214541599 13537.5111992138 -185.042882161959
4.46807159407861 0.74530153187086 1.05525592238353 65074.421147542 -82.0377463151533
6.89021350993013 0.10747543671921 0.97500469664455 55792.9106433254 -128.868205076874
16.9932724391018 0.0140544921474946 0.748870845005187 16685.6404344319 -200
16.2479220269138 0.0586556208911293 0.773263368969152 21519.2690222109 -192.752734586014
31.2195267519692 0.0768573756960349 0.692708374600533 18531.6169311991 -200
51.4817004206291 0.0923487983053176 0.683485627173139 30353.9452529778 -200
45.421146489073 0.0264769047308095 0.715094524480636 36107.8658292515 -200
27.8602551280004 0.088866546946556 0.745625268230049 30271.2971158964 -98.7653809702391
58.2455907727784 0.0764080944004586 0.674902476711564 30452.044734538 -200
36.9897448586544 0.0217554545750161 0.703543097319022 25473.8524522419 -200
30.2919952514968 0.0909467534194789 0.692077655705831 18824.7867488082 -200
36.4954359832936 0.119107870202264 0.718311678231919 30033.4171524809 -122.152937960094
44.771161662916 0.976933564122334 0.678332743096832 24682.0509675808 -160.772539051922
49.7967992993574 0.8032912902115 0.685472577032119 30034.8267870032 -173.390533269344
32.848165918601 0.0667456360168003 0.73264801413427 31611.6701384257 -84.6693225006059
54.8454979312641 0.0953037154379264 0.702636986184637 39263.716877263 -188.493114620056
39.3190516833424 0.0954110497231836 0.711380348018295 30586.6960238176 -92.7211250780447
85.5372652216348 0.475569319762581 0.704528672588644 65014.0046080007 -90.5273440083904
178.636994659078 0.102629910046653 0.697093363912251 122664.640680023 -93.9193571356737
66.3804341935906 0.0550401011262764 0.708866738332113 52528.2517866751 -86.4372483859742
153.536583017605 0.129308070099498 0.694998208507493 105096.354688052 -86.1144893549268
108.667763063539 0.0696174456518578 0.703205871323643 80984.0426223016 -87.3269725810302
407.185479237013 0.64784551442185 0.679849039048801 240954.488095783 -96.0398017815672
1351.12229623036 0.556914750782457 0.702337698065246 1020359.08105825 -87.7316568589245
649.567740276743 0.158782966572137 0.694858817696808 447134.803076313 -89.0327138137543
1678.78549848173 0.154172735347469 0.683044756419493 1058817.3949342 -85.3195531839048
2914.69370426706 0.136727259585285 0.688456120428874 1945146.82159758 -87.4214384665136
988.403598546545 0.422168847668322 0.681928319365843 615994.841635904 -87.028586484882
1460.35509422895 0.186317482293939 0.688826069986593 968791.686556019 -85.9691641259117
1756.00910661416 0.151200523980135 0.689442422756704 1176054.11791385 -87.0965718121571
6628.0640836508 0.458049708262282 0.684026890813927 4153552.15899008 -87.6177473537671
4782.6645379069 0.342269548024516 0.68453709067122 3066594.86052891 -85.4124555458485
3469.02036989862 0.322895262309055 0.686681161985145 2253456.99950297 -86.0978629906565
8260.5091761093 0.393977365349201 0.689869641629812 5534511.35283783 -85.7521720229269
4671.36897332908 0.730453352521776 0.68923150027472 3089555.85025727 -86.6678050696767
4439.31811213848 0.516123029440009 0.690381210325942 2993973.67558537 -85.798095497566
10695.8506037887 0.433934367314031 0.688410954356171 7057559.23057065 -86.2735981552327
8349.63435438495 0.699109495282316 0.687994312027377 5510086.83204954 -86.4663447557036
8894.75325077496 0.462801210081684 0.685584076493122 5705668.21115502 -86.6426685228485
28290.6125930472 1 0.686538966897588 18354160.4693479 -86.1495913927265
36552.8470934051 0.758730424497385 0.685203720711945 23377582.0041975 -86.2099435748884
11652.3571086145 0.86218742965974 0.685262329537868 7451901.91278113 -86.3311671600322
8277.13934809898 0.545697981646292 0.685921346001228 5342839.26572985 -86.2368948620193
20732.6140161204 0.850923813889957 0.688593188176743 13743560.4980991 -86.1875886496077
53220.1035624037 0.981287156788131 0.6860609810272 34390933.5486928 -85.8856668523851
31378.0608916358 0.75791074284103 0.688446014293927 20760174.2931141 -86.1172678198025
17474.7184470471 0.843620694266352 0.68815201168297 11525973.9534919 -86.1881419768295
27172.4198921214 0.959383527408125 0.688108902040452 17925279.4173078 -86.3766893074095
32421.2910870078 0.818254416673625 0.687792907734775 21308834.1979494 -86.2246755195197
69610.5456963879 0.818821487877529 0.687845833614849 45788159.0921173 -86.3766065712642
157028.873051064 0.968964190086387 0.688463429960474 104088193.57583 -86.0531688006569
61060.7216237632 0.881042408416588 0.685568729124878 39280021.2979302 -86.1506694181079
20508.4817109349 0.839269046205275 0.688243310041085 13531984.3264884 -86.3481248096099
28454.1765668123 0.897997628854474 0.687453011032103 18643290.7669853 -86.2305651840988
76327.5290616569 0.974501214963532 0.687059294298334 49862413.6907343 -86.1140704300692
52655.1436374626 0.841866844095942 0.686881969114168 34311539.6166843 -86.1602065482537
76742.7689944223 0.87752928006288 0.686653086453618 49906332.4910749 -86.0672881455458
70518.3355923646 0.898279172793678 0.687211536533239 46090150.0537317 -86.0323690836251
51067.2117543997 0.927831191538113 0.686943199190724 33278720.8836921 -86.306721436417
53372.269919621 0.87396487911899 0.687405356448978 34976781.877437 -86.1476020339363
73183.2754582887 0.934112060882566 0.686366903216567 47433036.9747119 -86.2547202766884
116937.881182076 0.936636796356377 0.686275292184298 75708195.4580658 -86.2500449408229
67511.2680075181 0.85593783402219 0.686259718013433 43668183.6262682 -86.0589834978565
78527.6576667578 0.952677198765135 0.686941906722508 51223526.3297104 -86.2119755874967
48736.2317972754 0.876389832898689 0.686231846538834 31534760.751103 -86.0619576829496
56807.0652837229 0.877625013682402 0.686657996924685 36936387.6499886 -86.0425362316417
40874.6272316025 0.820519878546377 0.686304087779361 26448711.2217259 -86.2256321012015
69704.2552806006 0.876809134161111 0.685589854324422 44833672.3601762 -85.9988795117675
43151.1220730646 0.866058268478844 0.68595840400556 27850762.2065538 -86.0731642231357
54348.7702704127 0.938310082811412 0.686423117633707 35259041.5360981 -86.0951624337272
56542.8671238911 0.98039869039737 0.686708467139107 36799975.4221923 -86.0348196652214
118435.85992636 0.978025566109395 0.685979449315884 76494839.8999633 -86.1888959072971
65891.1893582909 0.87598615690503 0.686068773736168 42588175.4567818 -86.0756538952346
84245.1010871148 0.987754570320504 0.686488959904085 54663021.4189696 -86.3228832008537
59748.7159890204 1 0.687387299664711 39144279.7058756 -86.0374041442513
68300.8636967482 1 0.687458498550566 44765297.1197807 -86.2821791403447
81429.8634967762 0.938839286825401 0.686286795244246 52722371.2504058 -86.2859769010981
121407.855449075 0.938980565200629 0.686153899140767 78549616.22383 -86.1601385098013
57867.3390684456 0.934686038374422 0.686947449138032 37744299.2811385 -86.0157360897126
113856.461343311 0.937657270001791 0.68642650683476 73820629.6660992 -86.1421994570648
99703.9945509734 0.978785067328104 0.687028126210075 65084990.5386855 -86.096601476402
44080.9158303904 0.934670011121584 0.687896753914336 29030832.0815558 -86.0578297464437
79358.3780391149 0.963878867862536 0.687365590673937 51945653.454249 -86.2305499457273
83726.6119490082 0.947163878791315 0.686876331398776 54513110.8432283 -86.2679859308335
96241.1822891184 0.978485303752407 0.687265613576051 62907683.6068904 -86.3186334975279
63827.3766635705 0.979705512676166 0.687338626660611 41783680.1533851 -86.2604229287933
104960.32082156 0.959463860603318 0.686741774322701 68294475.125653 -86.1572092955199
74789.8136085982 0.980348512694587 0.687233703450498 48910139.305848 -86.1304047054414
115597.536069197 0.978387661771821 0.686808510009384 75206529.5682874 -86.3508907613925
72849.7701231348 0.977568333921481 0.687139971947693 47566522.8260429 -86.2622649514844
135995.0000492 0.9400090354033 0.685689632990969 87491746.7012104 -86.2826433296506
135396.692541088 0.939234037792974 0.686023721457727 87393089.6318249 -86.3000579784262
117620.182382808 0.937998063648594 0.68623193515558 76121416.9766134 -86.1784387318096
89162.3026404186 0.980841039092423 0.686880289912949 58065634.1677996 -86.3163159448689
94979.2791245226 0.958886361513797 0.686475487129876 61614633.0009546 -86.1846945442042
92403.3285016219 0.950962976691896 0.686084824361606 59699108.5253632 -86.1917072961381
118668.625992066 0.951180154059966 0.685476567916581 76219289.8827955 -86.0947878954096
94973.5926915731 0.930535032015043 0.685931395735149 61283930.8320273 -86.1077649291667
72522.3527466748 0.978376987705943 0.687202424927424 47410166.4182207 -86.1737129400012
103712.140236604 0.939517830680704 0.68559733185551 66707541.5856015 -86.0873545792764
70403.6121829453 0.934947901716595 0.686199033148621 45551078.5574016 -86.1480699769928
60200.7497359272 0.980286927525919 0.686994301852383 39267164.3308259 -86.1775512069103
99269.9495568592 0.989011748871995 0.686934159571527 64690686.8925482 -86.2916738014857
85399.6732055935 0.959382382290899 0.686729086646207 55521738.1009448 -86.2792806370584
96910.1126478474 0.984360972534126 0.68704658939331 63197753.2260585 -86.352990190529
75147.5865658235 0.970671405324672 0.687115307072136 49052638.5437853 -86.2868913692515
90518.3228845887 0.979572969682219 0.686860948592609 58930573.1266436 -86.2641272835832
78268.0672755604 0.980717171309237 0.687423080279085 51245179.3303434 -86.3126895408918
92354.6125946405 0.971284781695833 0.686848098270713 60143039.1884324 -86.2392035668018
88875.6116059628 0.979168484702584 0.686573523100065 57705178.5020388 -86.251171411249
82229.0335266614 0.948149415947132 0.686714853020219 53442401.8277671 -86.2972364149947
91893.9598936727 0.97813712033066 0.686818193946718 59783592.4800783 -86.3456408606618
72172.0272558137 0.982002737652577 0.686810056550719 46964699.0618635 -86.2802365486049
81985.8086264946 0.980782360178547 0.687026722487272 53470630.0417595 -86.312962963098
68515.5702560231 0.976411693951676 0.687453625999435 44902426.1513824 -86.2078288322847
84631.7013408564 0.990125466242825 0.687035594123375 55253686.7188282 -86.1219541772134
72649.4304019744 0.980567078085549 0.687385517216036 47586901.2494232 -86.1766153239122
89285.1372056144 0.979158976566744 0.687115904324764 58303791.7507432 -86.241340128431
77759.0432364287 0.979460622478374 0.687550192704527 50985073.4303799 -86.2988305314057
73138.022553624 0.979427468787151 0.687225497438902 47820595.3181204 -86.2052132894219
72845.8221166642 0.980677375720636 0.687263715580457 47665097.8027421 -86.143758045291
69785.9010032571 0.978230802702187 0.687388319293685 45706855.8764267 -86.1998599076299
71406.257976256 0.979119341385384 0.687451601784369 46795276.6264565 -86.2218566814466
60837.3472065437 0.979508834815682 0.687207560794712 39751045.5514194 -86.2860157472771
56940.0630466393 0.975923536256297 0.687378928173533 37291233.0873425 -86.2035210819674
71003.3281884278 0.981185687902409 0.687104028746698 46360236.9226415 -86.2336111467312
73667.5690196774 0.981056915545484 0.687142113476206 48113546.0116569 -86.2535389929433
68693.8202316233 0.97807972273006 0.687498014501544 45036204.1106047 -86.2269968827905
76260.2293340834 0.979020601866424 0.68700792968567 49740842.951554 -86.2381484887556
68420.5109198519 0.978274603344248 0.687436227113976 44836232.1131179 -86.2078881631528
73395.9176837844 0.979911896920776 0.687200658957815 47967950.7935483 -86.2478165976645
70366.4571202389 0.977972847664791 0.687799376373178 46293671.125605 -86.1661416524547
78479.0193236696 0.973808222421494 0.687528124477374 51493086.3415454 -86.1492939461019
72341.7003191002 0.977672020232881 0.687269124112812 47303516.8301452 -86.267672405889
72476.3220070232 0.978068760263181 0.687764366034126 47657473.6701615 -86.2063076819275
76943.7234024331 0.978705174872889 0.68760722628291 50522221.8016566 -86.1882569230481
74150.1720894105 0.97674199651795 0.687624314084473 48693430.5530505 -86.1645681426478
82614.4368972002 0.978460164129002 0.687603413103373 54263724.7126628 -86.1070603309472
78044.7335432994 0.979191323036741 0.687638217051608 51279735.5897948 -86.1313679918863
86752.0375095081 0.976242367313542 0.687336706746079 56777219.5596293 -86.2444507257709
84023.3979854472 0.978066102423293 0.687711466147344 55244603.1162347 -86.1468520383838
73481.2040971374 0.978141833604472 0.687796408875517 48360610.6397136 -86.1083489236495
80170.1333010182 0.978788698244669 0.687532719987413 52606520.0444193 -86.1506750036707
75091.2862931217 0.97858476446291 0.687762484208051 49403773.6717547 -86.1078396833181
73398.9412933987 0.97813211786011 0.687555884867068 48175209.1163313 -86.1575618388891
72833.8987544042 0.978545282104319 0.687487505778608 47763429.6281917 -86.1772425627809
82207.6151572326 0.978526541224712 0.687286111966569 53795417.7833941 -86.1871311496727
85096.1693052961 0.978585375021214 0.687488316873837 55805658.3284449 -86.1784090597701
85438.4906818985 0.978492531557017 0.687713069158107 56158111.9755388 -86.1857434821585
77836.6600652423 0.977978242226378 0.687692545803061 51159620.2115047 -86.1575850603525
83994.9000458638 0.978063575757335 0.688029020669062 55421880.8480703 -86.1164540591332
87382.4339616148 0.978120251910721 0.687636463593501 57399446.7634629 -86.1669004552788
78579.4328369477 0.977882541363282 0.688306954594994 52010141.9369254 -86.0564142408059
84938.3610438033 0.977818929817037 0.688187231424183 56135073.2187662 -86.1027903633238
74655.4673007266 0.977646392900598 0.688196779059799 49338043.4244432 -86.1078511359951
76372.8242570546 0.977858106667408 0.688120589243348 50441298.0358208 -86.0888069528334
83447.3367874264 0.977514153390645 0.688157233585946 55116073.9526588 -86.1563973894062
76814.022827667 0.977452174880227 0.688257818861152 50787110.4919959 -86.147642714817
74909.3222608099 0.977766173356525 0.688183675846493 49503344.5376106 -86.0909909259181
79637.0167990737 0.977836532215264 0.68821022225665 52645225.5691885 -86.0872174523961
82091.3591147129 0.977843882005872 0.688305795760689 54318659.28385 -86.1067596556346
82358.3683373186 0.977783177515742 0.687896077295449 54245099.5826816 -86.1673628119324
79006.8139028664 0.977860345456666 0.688099319715706 52166223.0279739 -86.0996841484289
81998.4614229177 0.978024321776039 0.687778095941868 53945184.435029 -86.1617694046637
79114.4179837004 0.978112284609809 0.687760626918935 52034936.3125322 -86.160957308691
82722.0229516382 0.977992625626325 0.687816280397729 54444019.3977377 -86.148753986052
83989.4610290633 0.978133772508441 0.687716705503538 55220103.8973423 -86.151740756525
79379.4162195245 0.977858066724508 0.687931694943167 52309366.7822426 -86.1463339504462
77849.7545633708 0.978026625160309 0.687731310346374 51188048.1949705 -86.1622254395678
83954.2272494163 0.977854787035365 0.687926986693884 55320563.6719897 -86.1557616294997
83437.6662467777 0.978039142024675 0.687724779644878 54859084.6494274 -86.1640421667639
82162.8068657332 0.978070219469662 0.687783135899646 54058248.4552001 -86.1533870857992
77707.4758620195 0.978110830040048 0.687642856095593 51046312.7948529 -86.1598647516155
84640.8922185005 0.977975478928755 0.687797844004193 55695100.9025855 -86.1629490437796
78876.9275807998 0.978128598222322 0.687707070540253 51852769.7077319 -86.1504016695429
81989.1534411831 0.978123579437771 0.687681365359134 53882320.1157715 -86.1632850302718
75522.4536800941 0.978092559619707 0.687701925864421 49644575.1783964 -86.1474729004691
81550.566737251 0.978066660821908 0.687780245862587 53655357.9261052 -86.1418157011144
81026.1201554479 0.978111418338324 0.687711152027966 53267443.8717265 -86.1555323280956
80482.4853914487 0.9780665220982 0.687745112170589 52930775.1391433 -86.1512161654315
80139.5778732605 0.978118176908225 0.687699223885605 52678493.0827881 -86.156129334381
81047.8323633052 0.978075552859563 0.687753752310273 53307684.2202338 -86.1492980705492
80265.2551842538 0.978024687054363 0.687796249086824 52816315.8343916 -86.1474543865957
78928.8752164217 0.97809878819592 0.687711769396065 51888963.3891287 -86.1551675868647
78286.2732500866 0.978089963709619 0.687755210033927 51491964.4252309 -86.1434622887173
79468.8248352461 0.978068169725514 0.687754396181998 52268971.01802 -86.1507829315242
81069.6295234162 0.978088656974289 0.687702937713694 53290254.0030032 -86.161734542445
78354.9745121165 0.978112236766469 0.687746673915001 51534067.6219352 -86.1447634347909
81998.0791171357 0.978081985996767 0.687684396191369 53888301.7005584 -86.1658366578362
79346.2016420293 0.978045657665371 0.687782758976865 52204772.277897 -86.1474253722706
81617.8319590204 0.978020166211543 0.687782789265223 53698707.782546 -86.1504207147316
79130.499574035 0.978110753941436 0.687699748738381 52015111.1138588 -86.1539598671397
82473.0639794941 0.978050121402094 0.687787975382107 54265186.8565302 -86.146236407269
80374.1807066266 0.978088396335949 0.687730699546435 52850104.97817 -86.151565175336
80834.0839188677 0.978048696626383 0.687766096338136 53172955.6652787 -86.1511382403741
81022.2556465993 0.978081063224545 0.687740104236536 53283125.1867374 -86.1504210021391
79528.9883122577 0.978066516770947 0.687763379903279 52312869.7123355 -86.1477972420443
78985.5983034681 0.978103565775626 0.687736944442657 51941513.4912101 -86.1452127381077
77728.4179037113 0.978112318262859 0.687715675988384 51102229.4405149 -86.1487370547472
77823.2938932295 0.978098154575563 0.687753126595752 51187153.6043676 -86.1416041644093
80563.7827959626 0.978061413619389 0.687767045977911 52996051.1936667 -86.1477812236636
78029.7304967555 0.978089420449609 0.687749744658215 51319919.7925508 -86.1465736435661
80555.6659507679 0.978069119190765 0.68776637307677 52991485.7874845 -86.1471524129308
81780.8843276882 0.978049580208772 0.687780372528485 53805728.6254779 -86.1475679978481
77656.8585742197 0.978105970379804 0.687761856027881 51083418.6059128 -86.1376590984479
80191.2873304019 0.978063816101251 0.687764040356913 52749699.4314167 -86.1494238023282
82370.0097762898 0.978063876327265 0.687790056247385 54200475.6131253 -86.1421931318153
81165.3041175863 0.978068380678894 0.687786768937643 53405007.2183902 -86.143985023246
79806.9960095693 0.978076351517556 0.687759889935692 52494896.8589719 -86.1487358668987
