19560.75
14811.17
1773.841
2248.054
1851.713
1345.515
1386.391
1242.894
801.0769
493.5954
725.4687
656.6312
518.3147
661.9494
427.8809
510.3794
289.9314
339.8865
297.5884
235.999
336.9827
296.2629
179.1986
147.8222
158.6153
128.727
102.8602
96.22381
97.91965
90.21197
90.05142
91.01946
92.77715
92.81922
93.20324
89.67478
91.63305
90.04429
88.26967
88.47672
87.76749
85.38457
85.8676
85.67608
84.77116
84.89541
85.22851
83.76096
84.10293
83.52139
83.79053
83.67713
83.34106
83.50039
83.35584
83.34838
83.24319
83.2728
83.24258
83.23429
83.18151
83.18859
83.19132
83.17785
83.14808
83.16532
83.15292
83.14538
83.13698
83.13688
83.1401
83.14262
83.13406
83.12854
83.13844
83.13648
83.12901
83.14303
83.12815
83.12383
83.13015
83.13413
83.12429
83.14528
83.13034
83.11906
83.12402
83.14408
83.11335
83.12537
83.14371
83.12119
83.12823
83.12992
83.14212
83.13774
83.11828
83.14808
83.14446
83.13851
83.13874
83.13373
83.12702
83.13987
83.10712
83.13686
83.13322
83.13778
83.12872
83.11834
83.13703
83.12132
83.12975
83.13454
83.13713
83.1374
83.12046
83.10536
83.13814
83.13378
83.13741
83.13067
83.14184
83.13448
83.13644
83.12604
83.13582
83.13247
83.13279
83.13504
83.13281
83.12498
83.12395
83.13319
83.13308
83.12654
83.12776
83.1202
83.11662
83.12655
83.13528
83.1303
83.12877
83.12604
83.12919
83.10154
83.1225
83.12238
83.1178
83.12119
83.1136
83.10548
83.11292
83.09516
83.11818
83.11296
83.12661
83.10221
83.11712
83.11576
83.11589
83.11769
83.10659
83.11141
83.10832
83.12122
83.09629
83.11269
83.11186
83.08013
83.07241
83.09703
83.07808
83.10445
83.10405
83.10572
83.0894
83.09861
83.10085
83.09036
83.09864
83.10227
83.1026
83.09939
83.09923
83.09973
83.10277
83.10277
83.10227
83.10044
83.1001
83.09749
83.10015
83.09922
83.1007
83.10335
83.10003
83.10049
83.09909
83.1007
83.09944
83.09893
83.09932
83.10108
83.09964
83.09947
83.09993
83.10013
83.09791
83.09873
83.09892
83.09878
83.09911
83.10017
83.09992
83.09845
83.09936
83.10245
83.09896
83.10009
83.0998
83.10022
83.09921
83.09888
83.10069
83.0986
83.10008
83.09945
83.0993
83.10001
83.09876
83.10038
83.09917
