174.568251087914 1.89681337328768e-06 1.3964750670262 1236.22129135922 -55.3119343520087
52.6405075025972 5.82627789466393e-07 1.49460543357577 389.051685305673 -103.666499771855
38.5153473638088 8.09940838279555e-07 1.31084465561389 33.8265575091469 -151.351271677181
282.796374036355 0.000181981390697725 1.46229671325454 44800.6382928188 -68.7866814849409
7.42841029223974 9.18702570810556e-06 1.43149137070492 200.43317974661 -153.096721100631
293.129606019078 7.43524131853602e-05 1.26124970590704 12225.3198663896 -51.7082414952814
3.77071892199435 5.46487499738396e-05 1.27586176646801 56.0685948414911 -200
5.17465458727914 0.0010043401669649 1.30615568421433 192.977458595094 -41.4982206851016
3.2922912170449 0.000141260452436337 1.3497545043243 89.7153043760342 -200
5.74674433037595 0.00401637124098086 1.44525252290813 336.052732367073 -38.6116043134028
7.09105936176042 0.000363677654136798 1.15704387288082 191.61778604304 -21.5759500683906
4.54374285817457 0.00019251884792133 1.15530844914894 73.5881363828805 -48.4952348880747
6.15915990917437 0.00440949879795324 1.082040247097 126.693931012542 -65.1744718404681
9.17204509571714 0.000743906615933641 0.931804478949922 108.684103361036 -59.4159378668786
6.60246458225738 0.000243649301893678 0.937052768662416 60.5383366394187 -68.9028359440752
28.5489795431841 0.000352295159447632 0.736646796221197 215.914555872598 -62.4855667936672
12.5401714856493 0.000212548711257418 0.860354510439769 128.961284828905 -59.1388659394515
8.36933502348677 0.000924501831509462 0.627833758139572 38.2595403833311 -21.2709256466961
62.8055879510838 0.000288986835843687 0.642493104557148 432.984815175586 -4.93109921556895
434.917133217826 0.000253499307336118 0.560771227285072 2144.08016796991 -17.9393358803841
394.633209821668 0.000308644636108242 0.575492404575673 1780.70249890823 -60.4654768794155
190.003534782583 0.000274896929528375 0.670738633210363 1291.153175532 -24.0085184723352
152.973186466142 0.000250319389417348 0.643474278789306 840.115973125817 -44.4279339281336
33.8631762728404 0.000301170858867763 0.631594296308466 189.574786955309 -14.9591254892734
116.779134276013 0.000262945942648435 0.587920801538086 547.629874064469 -51.3324617014787
64.9549059968204 0.000248511807169521 0.621593408098224 339.979532133314 -22.5332219196772
78.5656411493382 0.000225373087868363 0.611413618387416 402.841883248989 -20.4542975151724
70.3923153543162 0.000241843861362425 0.636391265422641 402.8136692524 -16.0032678827915
162.514599357085 0.000213358400727022 0.605236138345818 809.007848163941 -29.8002422800766
70.1780822896683 0.000226319083792812 0.624895963032128 372.441115905663 -24.1346333416515
154.697354807683 0.000235200420270808 0.617315226042901 820.768815198927 -24.4409077557669
142.633749313319 0.000239424120838633 0.618689969396644 755.380510179888 -32.5520957888644
179.634945758023 0.000239999336710254 0.612334247630044 943.647653136819 -21.6032304290197
120.261508494363 0.000228841579067341 0.618464271900793 634.822476556067 -27.9808721641013
152.601493611207 0.000226176045617738 0.620849134077779 815.307827297994 -28.4535111873777
283.981514923993 0.000234562719508301 0.616846736288109 1513.08183382773 -20.5654825822533
625.134267459459 0.000217845122272813 0.613232119598797 3262.30953857653 -34.0424777914338
434.500507172075 0.000245486873483257 0.619192992136139 2368.82955456736 -17.3393179609348
780.974364235279 0.000230674913074485 0.614465502063414 4130.93649704695 -26.4540536570944
1032.47608422352 0.000233100898638987 0.616740280315693 5484.99492643469 -26.9578320908993
718.608526453979 0.000233564583215562 0.614597241137274 3830.10104701736 -21.5314183003687
853.576207230704 0.000230861158793548 0.614142280656404 4478.9440803334 -31.3768757882961
3800.55027480705 0.000224124255114273 0.612579327533091 19787.3208166628 -35.9619020113762
4791.57067339873 0.000224775562316364 0.613547523230942 25188.5916562249 -32.9244943978751
5430.7558362288 0.000231212534185452 0.616289704994084 28952.3053449326 -23.7245369855801
3463.47882385205 0.000231025898626725 0.611191345782849 18121.6515927623 -25.1362534620312
5418.80911935683 0.000229771244958225 0.611189656703614 28356.387475695 -23.5782829042986
26323.9450331781 0.000232138806935879 0.613913419037461 138844.904750301 -25.1776244505899
32221.9056070541 0.000228914157252137 0.612676718486079 169166.459713288 -27.2057361478429
19889.4139281423 0.000230592707316146 0.615106929202777 105276.425864045 -26.8681518725294
36889.8006105217 0.000231326242705416 0.612320978435951 193487.661797439 -25.5340882643271
159100.877445953 0.000231044365911787 0.613126391057989 837610.362030084 -25.2495634641336
174538.060472438 0.000230822955986236 0.613034324922404 918841.424177084 -25.4757829131908
208576.17239625 0.00023064273942915 0.613583557105967 1100732.23504329 -24.747402322433
99392.2540388902 0.000230503114639647 0.614088775683636 525373.781319591 -24.5608406378802
112687.100715499 0.000230094512013914 0.614050232981049 595591.399644493 -24.1408312823392
390675.818299137 0.000230613321022613 0.613270291930638 2060089.08598222 -24.1355665781423
808075.435268566 0.000230282892988978 0.614198786884467 4266599.49854167 -25.2403927239276
308825.384143467 0.000230624570660028 0.613424843025831 1628787.81610772 -24.7047338771684
464276.343539244 0.000230398723609404 0.613663261568026 2451401.69551766 -24.5986794781631
253999.514343794 0.00023051769205284 0.613513385582965 1339962.80276073 -24.5923059968497
1444392.62056893 0.000230550034009067 0.613632930091738 7625858.55866303 -24.3848479639404
843698.06422348 0.000230576372326793 0.613422207396529 4450453.1765417 -24.362780668615
1071572.22948939 0.000230676520133761 0.613564844646814 5655830.21129248 -24.4235358644892
677080.60309706 0.000230516458031192 0.613664272432893 3575702.41330618 -24.1918207727397
2626832.88016446 0.000230478533262869 0.613326473230219 13854111.0222984 -24.1947122066744
