2815.494
1871.578
1878.305
985.4094
877.3265
854.0444
326.4872
309.0335
487.3886
453.4168
232.7652
136.6413
310.3325
153.0128
90.91395
70.34903
90.82245
126.5692
48.036
57.49527
48.9325
48.68241
39.00654
39.3591
39.90629
35.85544
35.39148
35.45851
35.29753
35.10771
34.45772
34.70018
34.48958
34.57846
34.47552
34.1907
34.19217
34.1967
34.03395
34.01303
34.03526
34.02978
33.97894
33.99648
33.93139
33.94174
33.9355
33.91879
33.91841
33.91656
33.91253
33.90403
33.90545
33.90193
33.90426
33.9034
33.90439
33.90162
33.90167
33.90177
33.90148
33.90096
33.90102
33.90086
33.90085
33.90097
