1539.007
1322.857
1256.458
909.4475
418.1492
508.0596
754.6664
395.3554
271.1561
250.7286
287.2114
278.4294
227.4339
206.9848
199.4071
144.6141
150.6921
155.3518
145.5602
142.8873
155.2646
152.6419
145.4988
142.5045
140.3579
136.1232
136.7464
136.1473
135.5581
134.6572
135.269
134.6503
134.316
134.1992
134.2551
134.1101
134.0709
134.0533
134.0751
134.0304
134.0055
133.992
133.9941
133.9916
133.9928
133.9895
133.9904
133.9868
133.9839
133.9858
133.9842
133.9853
133.9832
133.9846
133.9846
133.9838
133.9838
133.9841
133.9833
133.9822
133.9824
133.9839
133.9816
133.9829
133.9815
133.9821
133.9819
133.9827
133.9827
133.9819
133.9818
133.981
133.9816
133.9822
133.9815
133.9812
133.9816
133.9809
133.981
133.9799
133.981
133.9811
133.9808
133.9812
133.9812
133.9811
133.9811
133.9808
133.9809
133.9811
133.9811
133.9809
133.9808
133.981
133.9811
133.9808
133.981
133.9811
133.9806
133.9809
133.9808
133.9809
133.9809
133.9807
133.9808
133.981
133.9808
133.9809
133.9808
133.9808
133.9803
133.98
133.9807
133.9808
133.9808
133.9809
133.9806
133.9809
133.9808
133.9808
133.9808
133.9808
133.9808
133.9808
133.9808
133.9809
133.9808
133.9809
133.9807
133.9808
133.9807
133.9806
133.9808
133.9809
133.9808
133.9808
133.9808
133.9809
133.9809
133.9808
133.9808
133.9808
133.9808
133.9808
133.9808
133.9807
133.9808
133.9808
133.9807
