338.220084765835 9.78646317067312e-07 1.39354193126447 204.789133828147 -62.7192578108771
1207.15853514061 5.1006125466153e-06 1.26948271151434 3946.28645349662 -30.2598910776466
97.672771680608 3.71886040750132e-06 1.62776195845537 302.448586831758 -98.0891625636507
41.0553442371775 6.11528957414645e-06 1.4014928164104 138.97888262531 -70.092349219054
8.77728503843661 4.20826403584597e-05 1.76455919389195 36.5266815838728 -140.940098017362
24.0780244593296 8.35132312048089e-05 1.43223307189062 198.260523214624 -58.7195383590017
1332.12685899171 0.000123574345304353 1.08757881370251 3009.79889656372 -22.822248469513
16.1700788019971 4.32684124129327e-05 1.44319997131201 42.1271906318602 -131.508888248995
12.0929114901324 3.83818219479017e-05 1.31241069848403 39.4334145361419 -38.8453046341974
8.06425517746749 3.74867670890332e-05 1.3510141724809 25.2127916243813 -65.1916193211202
10.6194745774688 2.5918354156072e-05 1.29856609742483 39.799435634617 -64.4824583920823
41.2724463766903 8.66295532839203e-05 0.990889161089445 148.227775292855 -23.2162768090615
8.84935201186386 4.6777242587092e-05 1.32465955989585 29.1655254471776 -19.8294446357081
21.6432419578151 6.34147771796322e-05 1.04803930033222 73.5291926153022 -53.8342462882542
8.89519542960992 3.70653909778364e-05 0.902291249682322 16.688839603212 -28.0465280359219
16.8112153718219 5.32821137982026e-05 0.792989356870103 32.8552027404852 -14.321643011169
10.7926869257404 5.17877123508214e-05 1.06288217096808 28.1155157916734 -30.0809643999809
38.4696965322524 7.50229918174786e-05 0.758215820699214 83.5919525302491 -8.5656168237636
23.9926546380176 4.8396125791985e-05 0.804149410907984 47.6274568645794 -28.7554184751251
23.3753848637345 5.63167390130106e-05 0.79684567385996 46.8538753206282 -18.930853750558
13.3348309394885 6.78499888001116e-05 0.855401661492069 26.6191694700948 -28.3378603862396
20.0532513761035 4.92947030908648e-05 0.756634626135844 39.721411590194 -16.0654431066377
18.0671761621043 4.78550864817637e-05 0.92575879424374 42.9681465905679 -46.4968938932029
20.9312948940898 4.89119496277312e-05 0.818525162005566 44.1647787890294 -15.3609519019706
18.155348887964 6.51202737027986e-05 0.902142994849292 44.0649358293743 -15.8651209539482
16.2037178167842 5.31716999283312e-05 0.877118508937515 37.1376402023203 -13.2957286881951
18.2313151347951 5.86750441082031e-05 0.86890269720724 41.283380041652 -16.5406389589952
13.8799084569811 5.39294994008574e-05 0.932230552869302 32.5308488071145 -18.2134220197431
15.9815471503698 6.2585349814373e-05 0.870800449862845 37.942904844618 -10.8597982688331
15.3589594607984 5.94499638088895e-05 0.909638086224215 36.9153762592545 -12.0492084300272
13.736662297976 6.02816672917098e-05 0.890653577038277 33.0853662535808 -9.74714684062155
14.6938227031218 5.79855744422403e-05 0.915845688015902 35.1650208331324 -11.9039296707231
14.5443376415785 6.31353447663373e-05 0.906333629241406 35.660253973665 -10.0714484304743
13.7063030357268 6.18719207405067e-05 0.909679121821066 33.7966842669393 -8.86508826565688
14.8767842917693 6.22602164975055e-05 0.88768210454094 35.7631362736072 -9.5794821996126
14.3914790079592 6.06651821959306e-05 0.912223772985392 35.0765559827786 -10.6477261407763
14.3156620172833 6.22351320602141e-05 0.90229042598655 34.8620697922874 -9.09318188109546
14.6990744598542 6.03232452248071e-05 0.90525226042391 35.8720342545457 -10.0206011191214
13.9964734129319 6.10780442652127e-05 0.911772254880225 34.2051627703602 -9.97196280277545
14.8183626782625 6.07715615137455e-05 0.897494096399658 35.5398153748494 -10.2312593557391
14.6712647192008 6.11589751248113e-05 0.902152150934765 35.528969885843 -10.0510015558171
14.328929980017 6.11565684413681e-05 0.904452120895193 34.8612956849963 -9.78227679987831
14.4807295761349 6.09158018970588e-05 0.900798714514144 35.1248679220043 -9.72549176030122
14.5405179715542 6.10789103052205e-05 0.902133506628545 35.3206605960394 -9.90509533114358
14.6205598983871 6.09838505067148e-05 0.899229134004 35.3909503017558 -9.86177981881619
14.4616264463957 6.08787239166096e-05 0.902530439018699 35.153651162098 -9.84886534470298
14.4372724300648 6.11617790990064e-05 0.903230969447753 35.099375350368 -9.77045192035206
14.4723959673672 6.10046133765119e-05 0.901637541585699 35.127965094924 -9.81072362787535
14.4466983683606 6.10243707523005e-05 0.90200377936394 35.0599832416707 -9.82611071468805
14.6318050285493 6.08950143941797e-05 0.900551883960829 35.4580998610733 -9.92069399348927
14.5591483881966 6.09630656182227e-05 0.901892017147514 35.3264147678835 -9.90493690279425
14.5665330342185 6.10190504080922e-05 0.901453939093466 35.3316794629635 -9.90934046641025
14.4146301515919 6.10798718110559e-05 0.902383816225066 35.0001731471929 -9.81302459210403
14.4095895813765 6.09960630331613e-05 0.902672688611941 34.9928735544464 -9.82773768999146
14.4535037350855 6.09877219443343e-05 0.902090560070759 35.0682361940194 -9.87080408199989
14.4690615890899 6.09430299867959e-05 0.902095513735014 35.1207949703558 -9.85071409450949
14.4481392901589 6.10514195768681e-05 0.902111104015559 35.0385635421269 -9.87351376280118
14.4201152831968 6.10028020872724e-05 0.902676447120487 35.0204790116347 -9.84683029610527
14.4174968211069 6.09786736206176e-05 0.902512386398879 34.998989804928 -9.8558476838629
14.4236564374349 6.10162049604151e-05 0.90255650583785 35.0330558003076 -9.82542672150518
14.4364649952614 6.10132361365691e-05 0.902048921717018 35.0349285946137 -9.82878419184365
14.4465436225128 6.10388296371095e-05 0.902111155896879 35.0644746913822 -9.82848182496017
14.4345184289716 6.10120513465293e-05 0.902183325111539 35.0305893518707 -9.84285349711995
14.4351243119564 6.10428072847211e-05 0.902162778541248 35.0387513597152 -9.82594077899825
14.4380534171494 6.1006303800852e-05 0.902092584733901 35.0375819214671 -9.83738128944644
14.4408748788575 6.10397695835189e-05 0.902056025255199 35.0520605812428 -9.81883833279015
14.4604835863431 6.10030984193237e-05 0.901933599666139 35.0903396027892 -9.83683754710442
14.4603585729667 6.09897098333803e-05 0.90199055530296 35.0875536933043 -9.8495383053748
14.4510843073651 6.10619673008738e-05 0.901956750311191 35.0773374811134 -9.81458034444131
14.4421407420176 6.10344716078376e-05 0.902042473293459 35.0541487347158 -9.81749342309817
14.4562537644955 6.10666928689814e-05 0.901953279748291 35.0930182977896 -9.80712460589404
14.4472775630719 6.10553301805972e-05 0.902066906540188 35.07006143782 -9.81926432120316
14.4481887206868 6.10550041259433e-05 0.902053406873357 35.0728312102346 -9.816373354132
14.4576520159996 6.10600467985558e-05 0.901948722079422 35.0967534965948 -9.8048881529444
14.4482507799106 6.10338871919363e-05 0.902070040925735 35.0704532949158 -9.82193599855822
14.4527893276542 6.10443436410226e-05 0.902007650480134 35.0784942933059 -9.82721732995084
14.4515290846275 6.10444321516798e-05 0.902035603253702 35.0770385929649 -9.82613670671343
14.4470059525355 6.10355920150354e-05 0.902078156553927 35.0681329803623 -9.8187302825745
14.4440437339871 6.10474019499905e-05 0.902096372529713 35.0617756614621 -9.81862714037055
14.4480717679488 6.10447710074816e-05 0.902045981790295 35.0710109494846 -9.8170755760545
14.4467677018617 6.10387402978663e-05 0.902071484245812 35.0672323144242 -9.82014192573842
14.4485285451525 6.10373024854898e-05 0.902082143311872 35.0699664757088 -9.82665516356839
14.4372532787002 6.10208289910781e-05 0.90221145094708 35.043692775775 -9.82954817620205
14.4450186011002 6.10491683719517e-05 0.90209017652217 35.06609987566 -9.81376341655598
14.4416712929928 6.10372854577275e-05 0.902169943739139 35.0545115983734 -9.8298294073974
14.4364260140492 6.10164085886095e-05 0.902156664481986 35.0383328316283 -9.83086356277073
14.4453174421368 6.1038276161489e-05 0.902089314950517 35.0640661642425 -9.82067736222755
14.4444030390962 6.10322348154771e-05 0.902115207109343 35.0618349997759 -9.8214445556943
14.441724000912 6.10325067051491e-05 0.902107800975651 35.0548116357018 -9.81977443222681
14.4392692416759 6.10156934331781e-05 0.90211717629972 35.0467071057765 -9.82279650604815
14.447932670978 6.10393772222694e-05 0.902025061318584 35.0705184051259 -9.81333485366574
14.4434440637602 6.10263280666611e-05 0.902084872488342 35.0591131019035 -9.81683071570982
14.4348512255528 6.10069367991679e-05 0.902205063748064 35.0360143368528 -9.82969591754066
14.4443449998089 6.10290026627776e-05 0.902061417915041 35.0608287410725 -9.8148167553521
14.4410451595687 6.10264702165124e-05 0.90213784272326 35.0519497292407 -9.82626087832477
14.4417790028298 6.10200614116406e-05 0.902127807314018 35.0537505398144 -9.82414885618308
14.4359995493179 6.10097256117235e-05 0.902165696825909 35.0387817306953 -9.82544588277223
14.4387041852294 6.10201307087268e-05 0.9021650584721 35.0462626597719 -9.82626609704962
14.4374747715259 6.10187909085882e-05 0.902150358825028 35.0429745511677 -9.82448612773528
14.4374199072283 6.10152405086427e-05 0.90217215527087 35.043115483368 -9.82532205943878
14.4345293199363 6.10102462088201e-05 0.902193519900134 35.0353490311443 -9.82730476109989
14.4295302366886 6.09979114528297e-05 0.902242948835003 35.0227698719925 -9.82896402674365
14.4468285023155 6.10401322802505e-05 0.902073920875408 35.0685904563502 -9.8166929923828
14.4285213614497 6.09890290665144e-05 0.902253031880596 35.0186964354623 -9.83263994811321
14.4372696361221 6.10161278530341e-05 0.90217337460635 35.042636961776 -9.82629218936652
14.4266333528561 6.09888179375736e-05 0.902279911904111 35.0136416848656 -9.83653369347294
14.4395314726005 6.10186471012627e-05 0.902150970926273 35.0475341712314 -9.82684506838481
14.4371522836072 6.10130225573497e-05 0.902165790811237 35.0424196180741 -9.82432061054998
14.4354112423 6.10094053709393e-05 0.90218488307867 35.0372279305224 -9.82753489104088
14.4352395335467 6.10082589383442e-05 0.902189566525972 35.0361655223299 -9.83001082900557
14.434427531935 6.10076262019091e-05 0.902207397890473 35.0344055720329 -9.83131642971877
14.4374679749862 6.10142216900121e-05 0.902168375205392 35.0424883135149 -9.82737731877834
14.4368553271065 6.10120329753002e-05 0.902179095134786 35.0406390364527 -9.82883832484049
14.4294844714988 6.09916717785321e-05 0.90224035145273 35.0212639427539 -9.83180787000635
14.4383935278234 6.10165064586422e-05 0.902162075141797 35.0451659967618 -9.8263180794728
14.4329073676004 6.10015611778211e-05 0.902206608780934 35.0301727607162 -9.82993592671999
14.4401912387136 6.10223548578402e-05 0.902142737916604 35.0498180328585 -9.82542147357191
14.4340025241842 6.10055946671256e-05 0.902202331883722 35.0335290990882 -9.82900690787727
14.4367377754977 6.10127409937742e-05 0.902177477513855 35.0402656059757 -9.8290808429756
14.4320560339876 6.09999319203831e-05 0.902222440664973 35.0278231451411 -9.83215401614089
14.4348311235908 6.10066606507601e-05 0.902195518050098 35.035421215828 -9.82948086121094
14.4304677028248 6.0996150012855e-05 0.902238666495653 35.023377603983 -9.83423336457632
14.4345662206011 6.10078777742872e-05 0.9021975329464 35.0348909654617 -9.82949678353673
14.4366556115738 6.10111098524808e-05 0.902174547906253 35.0401543540463 -9.82791745917177
14.4351602612772 6.10072698433738e-05 0.902192075627364 35.0364060857175 -9.82872721133308
14.433652468327 6.10036030678646e-05 0.902205711510112 35.0319031589385 -9.8314259753486
14.4348725841528 6.10071145738687e-05 0.902191267084253 35.0353909485153 -9.82944007302098
14.4339636800184 6.10046411278821e-05 0.902198666808944 35.0331117017504 -9.82934979515071
14.4340274825996 6.10052475477176e-05 0.902203824670356 35.0330216731265 -9.83097015608198
14.4343606984565 6.10067976917819e-05 0.902198562485354 35.034105699265 -9.8299990632074
14.4303010591961 6.09947898190512e-05 0.902243044614681 35.0231770308402 -9.83372290502178
14.4319567421945 6.09997132812272e-05 0.902222531882266 35.0274341636542 -9.83248888411409
14.4333807106615 6.10026264358438e-05 0.902209805496514 35.0316145730446 -9.83015627721452
14.4331624756911 6.10015360522913e-05 0.902207692266158 35.0309596964288 -9.82998616772562
14.4315330483925 6.09984014784452e-05 0.902227825668206 35.0267850870454 -9.83133273842452
14.435948688532 6.10113897989442e-05 0.902184689321835 35.0385856589979 -9.82838983679343
14.4317525861108 6.09987298177142e-05 0.90222423177884 35.0270521976702 -9.83197726846471
14.4324684549057 6.10002581714813e-05 0.902218681176538 35.029003303688 -9.8315017856382
14.432102755494 6.09990653342994e-05 0.902222420751852 35.0277858263346 -9.83253774666761
14.4286313499337 6.09899048551771e-05 0.902258194198398 35.0184286520363 -9.83564581022956
14.4286360962506 6.09904982012787e-05 0.902257688638634 35.0185409578477 -9.83546255238355
14.4301797097977 6.09940931442521e-05 0.902242310667331 35.0227787966686 -9.83368144387873
14.429383882505 6.09915954331063e-05 0.902246336769035 35.0204588375311 -9.8343349527761
14.4316436948867 6.09987659075373e-05 0.90222760342819 35.0268526363475 -9.83219981141833
14.4337401973083 6.1005050680134e-05 0.90220883742291 35.032681311165 -9.83026500411571
14.4302684536207 6.09945245014561e-05 0.902241965533091 35.0229703974108 -9.83392356456434
14.4322494371211 6.10011358809041e-05 0.902222655322057 35.0284405821747 -9.83215809341524
14.4312226562404 6.09979101181845e-05 0.902231279378584 35.0257217194783 -9.83250860253338
14.429878692004 6.099335659062e-05 0.902244767971646 35.0217577244572 -9.83459752856098
