17927.64
12414.04
2681.057
1986.278
1843.48
1891.523
1858.612
246.0549
241.867
527.3333
323.2751
89.42126
325.3339
231.2019
204.9584
148.5322
145.5757
172.8641
107.9039
99.64517
92.93084
71.77224
76.14162
65.49038
61.66499
63.01401
60.25548
59.79965
59.45829
58.48433
58.69424
58.68656
58.34936
58.23579
58.1928
58.22148
58.20554
58.13681
58.15932
58.13896
58.13477
58.13427
58.13187
58.12658
58.12258
58.12185
58.12006
58.11962
58.11792
58.11932
58.11676
58.11518
58.11652
58.11491
58.11378
58.11463
58.11513
58.1152
58.11474
58.11401
58.11254
58.11377
58.1136
58.11439
58.11244
58.11274
58.11241
58.11232
58.11284
58.11359
58.11199
58.11221
58.11229
58.1134
58.10989
58.1111
58.11172
58.11174
58.11123
58.11215
58.11184
58.11223
58.11109
58.11164
58.11194
58.11181
58.11182
58.1124
58.11017
58.1122
58.11245
58.11319
58.11297
58.11131
58.11178
58.11124
58.1122
58.11128
58.1112
