573.389250533181 3.2670797688882e-07 1.4487480611233 788.293080754322 -90.1417135491665
29.5405437892379 0.000194536924944547 1.49915685337031 3.69929565604667 -60.2257112896774
1.24121495572842 7.07137849551167e-05 1.84250201467597 0.0209228344551249 -67.9824204020316
1.7777578661602 0.110960307476811 1.62998602490751 94.9973849880779 -42.5236179571915
1.6328378603977 0.00105272988312151 1.12137547698035 311.554444011625 -75.1363166314985
1.90429595720576 0.00133069085411056 1.28272947042207 1.27588263565144 -200
1.55066268026008 1 1.55073449648373 222.602030773158 -116.534235766327
6.54280792109567 0.0037309245586193 1.06968890781679 51442.125678168 -109.558711400927
106.795702032153 0.00717013016766095 0.838128984440156 322218.822777333 -27.2937061543463
2.42696750454389 0.0207283801545622 1.39000017854851 224153.487719787 -168.212042092762
2.92827989286434 0.00837350196395237 1.37861766641768 463654.670916425 -48.375011068343
7.7183751449995 1 1.07727981438403 112786.467443907 -86.7669205725819
5.89591544676211 1 1.33620301681582 962453.970615021 -17.0047778091077
7.50888939572515 0.0379273377901529 0.973573754341454 42240.3464548424 -47.0994207584378
7.87768968516618 1 1.3338154144145 1725966.38675204 -87.4436914444103
7.59480932762536 1 1.27627740559171 828411.540605196 -88.5635525171678
21.856992070756 0.010534794945133 0.902411466436917 66216.8998132002 -81.3571277453335
8.17733042407457 0.121132284901554 0.980185359010728 71915.8023450436 -71.6156982812868
12.7155266844072 0.00370287933996236 0.916077965429223 55171.3357044558 -166.140938648388
6.44174964289055 0.112640137303831 1.17437379284689 213406.180837776 -200
10.180395920283 0.00555402895413844 1.05655931122551 138899.239502737 -91.626318321985
12.9031729933205 0.053835143473078 0.946859725658908 62734.3399587829 -175.179005606701
52.2478758756373 0.123199029744347 0.71638651251619 29317.138843622 -200
128.032255044263 0.0497244980726061 0.698548643432115 71652.0284807466 -97.0465943614868
23.2903061117556 0.00774220612803914 0.814104165134626 33796.9750677934 -114.092642130212
112.165980376982 0.0522711391859913 0.715835031213836 73756.0999418934 -106.271259335899
60.2275569763831 0.0115077140994351 0.718157291551578 37647.5220932147 -190.109574343565
52.9508993925892 0.127767149678971 0.74699999710426 44973.2729673551 -178.528253349021
94.9416489355009 0.0159625944877573 0.764008548693707 95606.4219298571 -118.977215212939
136.352268012559 0.0189941642105006 0.725244979693258 94065.1446851545 -200
31.1857422439579 0.0162288025587345 0.777795630195699 34205.749983105 -99.0762743203285
40.2741653792566 0.00979366253787364 0.751928897386238 34425.8640109783 -137.302158352183
46.7790087125746 0.0119656926882898 0.765171678724206 46035.4456911572 -173.715643373505
76.1141733240393 0.0181757899659422 0.741992666238428 61328.4517453105 -171.796002123886
63.2098507061433 0.0144159636291295 0.751302037085757 55298.0411819981 -170.864367133897
72.2935726431801 0.0153524039547149 0.742726564122948 57960.6363885574 -144.530577594719
61.3312817566118 0.0169506245737234 0.745269534218133 50567.6680658737 -123.540148378804
64.4563818601989 0.0155225940421129 0.74782334533952 54648.5037708586 -168.295264463041
59.121413217782 0.0149998256993221 0.748517231232348 50338.2977685452 -150.778589485749
65.1863377606341 0.0159545309281387 0.745330789510393 53909.6610952161 -132.382973117369
58.2100062179207 0.014800325491646 0.751504515062908 50797.388529188 -164.467316428704
66.8870750347248 0.0157938412096528 0.744741523161129 55032.7318203928 -168.050411929297
62.0594743658001 0.0146166358646396 0.749035859825861 53013.2462934047 -151.987863896786
62.0582565889626 0.0153418139990086 0.747309253385411 52048.3114963016 -169.189626509279
63.0472966412133 0.0153764344973172 0.749050936979848 53944.1035520705 -149.902742823611
63.4335492184811 0.0151797263968441 0.748283059242407 53937.1247683634 -162.035668001573
64.1003263787636 0.0152069368234214 0.746540708771886 53577.7058124609 -169.380708096202
65.1473883687698 0.0153543862470056 0.747398589207442 54851.7243480855 -154.953348840906
65.2750021492737 0.0151543297873754 0.746094668330201 54300.4440977296 -161.270013178303
67.4336373890651 0.0152366338570573 0.746139565672579 56228.4064555563 -164.185546351535
63.2919275817554 0.0151875223772389 0.747483423564777 53322.1923972567 -154.752587977861
69.7779336410373 0.0151816408734071 0.745729501223014 58029.3108404277 -167.189457306872
65.8728278116619 0.0151961260566037 0.746889279062658 55295.4883857592 -168.181598190422
72.534078251951 0.015188432474075 0.74468341493453 59703.2708986751 -168.104052295108
69.1451746446232 0.0151700550003498 0.745428800558181 57286.0434304931 -160.611942536759
69.6085644602617 0.01518906490793 0.744867347930269 57367.3836270465 -168.15028722044
67.1156870719084 0.0151738384775388 0.74602081437808 55865.9947254176 -169.430588874225
67.6975925079393 0.015191991398875 0.745622069605278 56100.962739965 -169.179212853268
68.9778619440316 0.0151961477960203 0.745443439951365 57136.1574613954 -164.43482000469
67.9994530997259 0.0151775920734967 0.745976349999739 56595.7000193123 -162.419324449118
68.7900336801952 0.0151741584109126 0.745489210070677 57018.9587207065 -161.491294278477
68.8664596651563 0.0151706163370275 0.745779871184838 57226.3619069718 -167.065422515812
67.1554357456082 0.0151784915889627 0.746537372956033 56187.608347776 -164.155591526554
68.9905909754123 0.0151628054808576 0.745482043462258 57152.0934988633 -164.598566535027
68.4000444287571 0.0151688032937558 0.745592280711516 56738.0957061306 -161.112786898378
69.3575573823547 0.0151654095496562 0.745204540553705 57315.9762780941 -163.105797043345
69.1804261005572 0.0151727100297693 0.745335394798036 57254.5723952702 -161.78879278566
68.777668452004 0.0151715441257136 0.745492213210286 57003.4866581619 -165.497651858691
69.7348724908984 0.0151710238309131 0.74500666111283 57539.1571597864 -166.472390019887
68.9710844092308 0.0151662025617889 0.745513434287776 57172.9707649794 -164.445312951955
69.6369502305998 0.0151740622638534 0.745241522370179 57592.8445226169 -161.75949142059
69.2941228773704 0.0151755244360958 0.745548482939376 57476.5935827875 -166.489738058473
68.4746580223233 0.0151766488282491 0.745819932245935 56913.1136852086 -166.924555104346
68.7119208485872 0.0151585050319142 0.745474844362934 56933.0364664381 -162.818775189289
68.648443914661 0.0151693356040239 0.745456152411936 56879.747930454 -161.668727982759
68.8917954821661 0.0151734696726502 0.745540098694858 57125.5658276111 -163.05257247306
69.4846087463347 0.0151748297897785 0.745485622729149 57595.7183271137 -168.048364432493
68.6298517741146 0.0151680053746519 0.74564703700108 56958.7519673342 -169.841705053987
69.3619308892949 0.0151677729252927 0.745305403765185 57395.1641890387 -166.191741732073
68.7706938484073 0.0151688674261973 0.745420962997079 56958.5273685532 -162.45702346828
68.5515096776964 0.0151701875554298 0.745531161090542 56833.0184407841 -163.20832552144
68.2972906697667 0.0151763500235439 0.745718108998407 56718.6094923897 -158.921610129124
68.8570878964445 0.0151789074608216 0.745544117899769 57100.7135410097 -162.758319824417
68.2237577848873 0.0151699696709315 0.745760602247298 56678.7919736953 -161.475542709373
68.8886339955981 0.0151701632651788 0.745564019575359 57136.8487085308 -161.708333968732
69.6073071648168 0.0151708450944656 0.745179871656641 57535.4472259775 -168.150662377211
67.8987588024387 0.0151742791717624 0.745806559281633 56422.9923190212 -169.191335001575
68.9083859465415 0.0151693958365754 0.745493428026377 57113.7074171636 -170.201898721377
67.9478930634275 0.0151688367471738 0.745835909147265 56481.2143192908 -163.316706913904
68.5559231962268 0.0151701542287959 0.745532481036912 56834.0011973315 -168.987001596415
69.1679936819331 0.0151673640683012 0.745342563648761 57251.9082772896 -164.88686854239
68.8515654194956 0.0151678239112546 0.745468052467071 57052.4296327628 -168.874961594546
69.4679229926048 0.0151712872456714 0.745386291960534 57525.2507895785 -172.253504994344
68.7579986165439 0.0151700858970023 0.745665571744442 57074.943542329 -169.882857942512
69.1652404272233 0.0151681072553757 0.745306453964874 57229.049880835 -167.653027576357
68.4502458101646 0.0151703121986393 0.745525968365875 56742.4500945996 -173.254820977211
68.1494792761408 0.0151712558685203 0.745820125785884 56643.5917305529 -162.492095800652
68.7524951274111 0.0151692491866817 0.745468883433217 56967.9752788913 -167.890654469709
69.2574142292147 0.0151692585453831 0.745348910315162 57329.9177927208 -168.953638595455
