2216.837
1749.921
1384.378
965.7329
588.4075
858.0251
758.8385
514.7348
586.8428
337.5925
317.4386
323.8294
336.8464
338.6288
294.6338
305.5188
270.5311
247.3767
244.4505
216.9505
181.2858
166.5437
166.9075
165.5927
172.671
164.5645
161.8904
160.8834
161.5784
158.0367
157.2025
157.9079
155.8144
156.609
156.223
155.5918
156.1058
155.2508
154.5833
154.9216
154.5199
154.4657
154.4282
154.3434
154.0519
153.882
153.9659
153.8169
153.8539
153.784
153.8404
153.7643
153.7523
153.7291
153.7349
153.7164
153.6968
153.716
153.7089
153.6917
153.7051
153.6979
153.7032
153.7112
153.6992
153.6987
153.6996
153.6874
153.686
153.6872
153.683
153.6892
153.6901
153.6924
153.6854
153.6823
153.6856
153.6816
153.6861
153.6866
153.6846
153.6807
153.6805
153.6801
153.6816
153.6741
153.6738
153.6731
153.675
153.6766
153.6727
153.6732
153.6737
153.6729
153.6708
153.6718
153.6694
153.6725
153.6715
153.6712
153.672
153.6705
153.6718
153.6716
153.6712
153.669
153.6717
153.6715
153.6721
153.6716
153.6717
153.6707
153.6705
153.6718
153.6698
153.6709
153.6688
153.6712
153.6712
153.6694
153.6699
153.6692
153.6707
153.6712
153.671
153.6707
153.6715
153.6712
153.6691
153.6708
153.671
153.6706
153.6707
153.671
153.6705
153.6714
153.6692
153.669
153.6708
153.6698
153.6711
153.6709
153.6684
153.6713
