1424.17142989681 6.3595636850908e-06 1.34938206164243 646.96840162126 -64.3456835291214
57.3968937133833 1.21482714758066e-05 1.22557167895503 66.4389118555474 -187.545473619955
1043.10381914569 2.81588774924727e-05 1.11507053117576 680.719322851333 -67.1947977591182
25.8301429518212 1.59854299131346e-05 1.4128150540163 8.05854558378213 -94.0207375750849
15.6643544962833 4.33198240747022e-05 1.42433922733888 4.36770772103456 -157.660687305033
13.4998240678562 6.01010092799963e-06 1.3777232607331 2.94003181088112 -116.76446410983
12.1780995124101 9.32869257701209e-06 1.78141578715702 1.66665998717467 -120.587562355055
7.72148500098063 6.14095418361775e-05 1.48528743794238 4.14895268702104 -85.395281071004
6.71734863464115 1.9262944522727e-05 1.12733069298558 2.60827670019788 -122.981060272655
12.6548117724338 5.87181789445081e-05 0.970218593737624 5.51563100610746 -73.0133528741275
7.68453389441773 3.04028344506698e-05 1.0640209817433 3.24424529346858 -52.1038332342067
8.92206865658134 3.54583844098838e-05 1.11601833564924 4.19692420032819 -61.8364520030948
9.61689726580872 1.91499554901285e-05 1.01166395126969 2.03126887689783 -119.320246117791
9.92144318412526 3.47236367629671e-05 1.21480148103541 4.17095296999905 -93.3512672430798
6.38287307666484 4.18998740248408e-05 1.07853562378778 2.70331889853529 -53.4837923148307
8.56027995699246 3.43251472369065e-05 1.11231065101108 3.79711582414894 -68.7288796060679
6.53718257931148 5.49255941123812e-05 0.964434361146804 2.83516953692214 -58.4664481985288
7.77598207921921 4.11023030902474e-05 0.921451413774649 3.54508185971249 -33.3748386791653
6.36676635294783 5.16252494025288e-05 0.791166202865522 2.76810544680708 -39.9227623422189
10.7142504841219 4.86877928144031e-05 0.768755980991683 5.6090904488856 -39.1799520957327
8.26520801009141 4.84952635025855e-05 0.720900436708145 3.5306204918589 -54.3409551712803
13.2094324320483 5.14982199071797e-05 0.552304728697447 5.89020805435244 -30.7527816944115
12.4331697577871 4.45672018646304e-05 0.595963451385124 5.90528745443838 -22.3875787906488
12.4164550830251 4.88747837668812e-05 0.587557913406541 5.38179736668876 -52.52094113426
10.8149803623293 3.99117670709612e-05 0.571397008430237 5.16571859353971 -44.0843753922331
10.0316464986439 4.31296901693743e-05 0.587297315873242 4.46531783650802 -30.2280133679005
13.5934784008532 5.22014914529085e-05 0.536417183424299 6.50625202488466 -23.5064386223916
13.699521092721 4.59117881577152e-05 0.557752620389852 6.76844487258932 -48.0181113711944
14.0555655543188 5.10552870231484e-05 0.542161825971516 7.14953004947913 -29.3565813690268
12.9882213508681 5.09981899554005e-05 0.550029747678654 6.16322722706935 -54.0256669080859
13.6844833935229 4.57082587173018e-05 0.552411388538978 6.34164732204493 -60.9543137550615
11.5660902498796 4.90169641216624e-05 0.578825912926941 5.47988153428628 -49.1924067541104
12.3598819246113 4.6737170379275e-05 0.566774451392337 5.55360043089531 -61.3640273058541
11.5733874536187 4.78324136379878e-05 0.575586472675748 5.3026811061723 -57.3787405764558
11.2681768100194 4.84659980822852e-05 0.585071547576186 4.91261010549918 -61.6276133813077
11.992166579329 4.6900518567935e-05 0.576438410863756 5.31123734442988 -67.3974300284857
12.7665283300503 4.78867549330003e-05 0.567926355602188 5.94285873312703 -62.326444240738
13.1978556181254 4.61753414990448e-05 0.558133725605193 6.00198564572017 -65.0431556155757
13.1660059413386 4.31682648033823e-05 0.557364678831751 5.72216857703096 -68.3495404426547
12.0314035622674 4.51643265713196e-05 0.577160641868215 5.28686404859896 -67.6785048057161
12.0147348550689 4.56868064202286e-05 0.574110684348469 5.24603718679315 -66.8987754633015
13.0829211493984 4.36625492330948e-05 0.555773456138909 5.62773524831484 -68.5657929568472
12.2466201585879 4.49317874057876e-05 0.570499156631048 5.30972653980349 -66.6796166029031
12.5301786770796 4.52843786113891e-05 0.574651162182441 5.34777983981007 -70.419468667081
12.486431073808 4.39309240208817e-05 0.569350582970513 5.27912776929693 -69.1191929252297
12.7409317718812 4.3358379647804e-05 0.570170883216666 5.27061618642641 -71.4319106869101
12.514107127929 4.39875834890461e-05 0.570977230099258 5.19101373453872 -71.5287441441209
12.547334576317 4.42135558865987e-05 0.571859006526319 5.29725004586544 -70.0083638882429
12.5871773948419 4.30367396656913e-05 0.573295775395026 5.19452703994696 -71.2638138501614
13.0239275698437 4.26206223518965e-05 0.567816673781625 5.45364552956729 -71.7121496047175
13.0739398189872 4.27154107443824e-05 0.570731787969544 5.44077098114898 -72.2795467548748
12.8328950822897 4.29629036528387e-05 0.570268524315387 5.30339984640564 -72.0358299919631
12.8269477667451 4.25069773061192e-05 0.569217312289871 5.34092476611364 -71.7854109667551
12.6332337882495 4.29601879515632e-05 0.571411387585404 5.2711695348342 -71.3908563266915
12.737719936559 4.26199013074692e-05 0.571525049485173 5.28153130928278 -71.8756191141584
12.9724043627645 4.25153334226858e-05 0.567878459089972 5.39581871401007 -71.9239735973656
12.7951676558244 4.28226469564219e-05 0.571050933859861 5.33701511032252 -71.5411146282593
12.694767200109 4.29578144533863e-05 0.569795185243129 5.29757971398875 -71.4448652141503
12.6789442822518 4.27614146652819e-05 0.570855973997669 5.26991772322659 -71.6006706610651
12.7750070017967 4.26218878146114e-05 0.570103809104357 5.31259607492096 -71.766703956535
12.8413146629464 4.25827343635503e-05 0.569492456072487 5.3410448454981 -71.8353431781648
12.7701867014973 4.26753577294684e-05 0.571571755070689 5.31460057614074 -71.6917351288761
12.8204197087272 4.25137467207465e-05 0.570143130660903 5.31722772114273 -72.0191227083034
12.8529342304884 4.26092286110564e-05 0.569964897295356 5.34077723655841 -71.9241742198534
12.8236999718499 4.26817545051907e-05 0.569926447462987 5.33193600977591 -71.8199473874975
12.869817281068 4.27406776376325e-05 0.569799293806566 5.36917489333805 -71.6474133826336
12.7853821175612 4.28154125678395e-05 0.569879187583238 5.33126704142151 -71.5535498272151
12.7940042397517 4.27626828955193e-05 0.569635054805123 5.33131357411062 -71.6370375534597
12.7619372505687 4.28111090424708e-05 0.570078979371853 5.3189813979355 -71.5865091314132
12.8043578707167 4.2820759803142e-05 0.569465440784991 5.34342503505788 -71.5287977452831
12.773361689719 4.28459101541417e-05 0.5693566576815 5.32770397035881 -71.4996176008507
12.7894130307505 4.28202350980204e-05 0.56970551263565 5.32835734551996 -71.6167846988276
12.7910678610202 4.27528927930203e-05 0.569662142997202 5.33082606587769 -71.6367279030115
12.7528812940859 4.28667030665543e-05 0.570623272520947 5.31909816198558 -71.5019830076073
12.8014341898674 4.27264786064069e-05 0.569422780451108 5.33266818837845 -71.6674272872936
12.7754522845049 4.27817983282635e-05 0.569816692629824 5.32352684904875 -71.6047219912265
12.7910511748117 4.27981896355593e-05 0.569375427441803 5.33382709833265 -71.5513448668423
12.7675181080663 4.28406424434783e-05 0.56957164065111 5.32664036987723 -71.5045111640683
12.7751306374519 4.27883687428585e-05 0.569715773095602 5.3253007616011 -71.5946891805502
12.7936591337347 4.27518542385726e-05 0.569510409928575 5.33236474619236 -71.6228200363199
12.7253974225761 4.28447695584264e-05 0.570380007003874 5.3046084344204 -71.5156025589464
12.7467453397037 4.28525709773344e-05 0.569924529641755 5.3150436946802 -71.5229543655002
12.7875510312928 4.28212934043553e-05 0.569618437354267 5.33309255149256 -71.5698268465132
12.7475913771574 4.28798167429596e-05 0.569841737298425 5.31865291197296 -71.4693871111826
12.7705604343794 4.28569020781283e-05 0.569478400656482 5.32824485270439 -71.4947519399164
12.7662231307936 4.28835737463833e-05 0.56952627041968 5.32694723012012 -71.4833595293463
12.7503090175639 4.28753442204924e-05 0.569799637328671 5.31849970908683 -71.4895052888834
12.7596244164278 4.28859109209765e-05 0.569575340066059 5.32462366526039 -71.4709582935466
12.7801319869181 4.28554595778432e-05 0.569356123378312 5.33252601963973 -71.5123732040715
12.7367502684016 4.28888971330013e-05 0.569984964118851 5.31261780262712 -71.4771022021826
12.7504058449078 4.28771165735311e-05 0.569804485770046 5.31956980314681 -71.4746406362921
12.7370156754421 4.29073600968235e-05 0.570025828523643 5.31523643919945 -71.449283708688
12.7392510465549 4.28931006636819e-05 0.569952178894925 5.31469391145029 -71.4653886540499
12.76815610403 4.28649282951244e-05 0.569518924194432 5.32723246874579 -71.4936385397735
12.7577803349442 4.28796411148008e-05 0.569705456349686 5.32320804087106 -71.4814367741046
12.742347110959 4.2885933277377e-05 0.569917851527387 5.31634318720076 -71.4670326776154
12.7416852053976 4.28879203514718e-05 0.569937726315215 5.31598104106341 -71.4679478358822
12.7492075126585 4.28614786149884e-05 0.569916479336241 5.31799538078005 -71.4944073571887
12.737933219389 4.28852070345484e-05 0.570026572319628 5.31403147758069 -71.4677825133646
12.7532596295434 4.28848182826425e-05 0.569732262311514 5.32160522728238 -71.4653415664091
12.7430063013319 4.28903335069078e-05 0.569922334492188 5.31703674988616 -71.4628328509899
12.7359759193834 4.28781582388336e-05 0.570063544566175 5.31260441915474 -71.4755392245132
12.7438801559625 4.28883556508358e-05 0.569908895373534 5.31706548356069 -71.4686318652189
12.7467977368707 4.28679392356209e-05 0.56992052120527 5.31725059046656 -71.4886177845264
12.7478011898593 4.28752272502935e-05 0.569876068797547 5.31830006930867 -71.4779319577292
12.7409715509938 4.28895183508615e-05 0.569928931406944 5.31566511069858 -71.4648445915651
12.7440483423013 4.28805368210027e-05 0.569915030802356 5.3168587091856 -71.4732775049093
12.7384450419714 4.2883951828623e-05 0.570022800845376 5.31438870261111 -71.4678279344259
12.742070154091 4.28963780176607e-05 0.569895620889037 5.3168949468631 -71.4569712645158
12.7503830111761 4.28696369073917e-05 0.569826020141236 5.31915175703905 -71.4848955866038
12.7328202815102 4.28911497251406e-05 0.570090506497137 5.31196544771809 -71.4624115796163
12.7371192427218 4.2884071214402e-05 0.570034615912221 5.31368530305262 -71.468359092014
12.7313526077136 4.28799891456265e-05 0.570151122022595 5.31055775343326 -71.4708001025811
12.7419701178927 4.28850818415971e-05 0.569957922907765 5.31618151171392 -71.4656832321508
12.7312019345763 4.2884174970103e-05 0.57016264482088 5.3107856558522 -71.4691557161919
12.7358047240892 4.28812111015711e-05 0.570067598038377 5.31284134813524 -71.4710557300754
12.7418856682591 4.28801273722334e-05 0.569970293011756 5.31571849957156 -71.4736774579167
12.748138652248 4.28846710673839e-05 0.569835430859776 5.31914474104704 -71.4686312010383
12.7606962067764 4.28765295780796e-05 0.569662699817629 5.32472749818246 -71.478288492277
12.7479340878199 4.28816818714856e-05 0.569855819040535 5.31887820062908 -71.4710690566137
12.7462762763971 4.28708342281249e-05 0.569928685410092 5.31715432464972 -71.4857032892574
12.7419245041863 4.28904210696874e-05 0.569939866002907 5.31647422988272 -71.4618112691308
12.7384033008417 4.28862700983524e-05 0.570011430580797 5.31444065315217 -71.4667164580728
12.7371077669336 4.28899982184807e-05 0.570014003643186 5.31408845944432 -71.4614426492973
12.7413480544721 4.2878602738673e-05 0.569974556697376 5.31535458891062 -71.4740682736846
12.7288965345056 4.2895887322626e-05 0.570167923282932 5.31053149867984 -71.4556918826009
12.7486823954217 4.28782132377319e-05 0.569827776241178 5.31883697421013 -71.4748589626536
12.7424244545532 4.28942897017939e-05 0.569918421229353 5.31701197509089 -71.4573107866057
12.7335359750892 4.28826257735406e-05 0.570108377284659 5.3118201957215 -71.4700525609123
12.744365331861 4.28814525821518e-05 0.569933248283906 5.31711730295479 -71.4720163318766
12.7361913629491 4.28913225259641e-05 0.570044052860941 5.31374373969067 -71.4588145087982
12.7415731729217 4.28831534217172e-05 0.569973863570429 5.31576641189767 -71.4705834063031
12.739360349686 4.28812361416698e-05 0.5700167675082 5.31457615087696 -71.4711615263943
12.7345317740847 4.28909989427356e-05 0.570075898725372 5.31287094565187 -71.4619631709763
12.7289606940499 4.28881640592026e-05 0.570180754108336 5.31001192570167 -71.462069169236
12.7428794321904 4.2882354464612e-05 0.569937887593044 5.31634858811647 -71.4698498380137
12.7391895224268 4.28880905053042e-05 0.569985130277831 5.31493288977435 -71.4636605896783
12.7397557012669 4.28860262817746e-05 0.569981777391169 5.31505433851561 -71.4664761867344
12.7364602295598 4.28884147708249e-05 0.570040718675532 5.31362909404309 -71.4636267741287
12.7401915883484 4.28841307092451e-05 0.569982382745536 5.31517994589679 -71.4682347977076
12.7396285838604 4.28877913645441e-05 0.569984911731291 5.31512940745315 -71.4642376013093
12.7403310047605 4.28979914277447e-05 0.5699590222713 5.31627843662874 -71.4535341366771
12.7373678437376 4.28828393719339e-05 0.570045188315924 5.31363730231392 -71.4707948903319
12.7344281467032 4.28978630555047e-05 0.570061072989062 5.31335118643337 -71.4535265252773
