17557.98
2501.036
1838.033
920.6535
982.6958
971.3913
2112.184
293.5115
680.5939
395.8637
368.8566
357.0561
169.2399
226.8014
256.6968
196.0488
139.8888
203.7894
188.234
158.6771
136.6146
123.1036
105.463
105.3678
125.0667
120.8682
103.792
95.99963
104.987
96.13262
89.10078
97.39444
89.02011
90.0561
89.81997
89.12274
87.85696
87.85203
87.52911
87.25799
85.7632
86.23525
86.26053
85.83343
85.77223
85.7474
85.55479
85.55636
85.57776
85.55206
85.52492
85.51494
85.49205
85.49686
85.49361
85.50018
85.49952
85.49887
85.49136
85.49292
85.4917
85.49578
85.48889
85.49001
85.49429
85.49256
85.49789
85.49347
85.49112
85.49038
85.49235
85.49181
85.49157
85.49037
85.49087
85.49078
85.49087
85.49009
85.49033
85.48786
85.49019
85.48903
85.48991
85.48954
85.48953
85.48903
85.48967
85.48889
85.48986
85.48958
85.48926
85.48936
85.48928
85.48934
85.48955
85.48921
85.4894
85.48947
85.48888
85.48848
85.48944
85.4891
85.48862
85.4893
85.4875
85.4892
85.48819
85.48922
85.4887
85.48839
85.48942
85.48809
85.48846
85.48887
85.48792
85.48797
85.48734
85.48859
85.4882
85.48761
85.48778
85.4874
85.48815
85.48872
85.48783
85.48704
85.48703
85.48742
85.48728
85.48713
85.48676
85.48741
85.48739
85.48692
85.48755
85.48754
85.48628
