573.389250533181 3.2670797688882e-07 1.4487480611233 788.293080754322 -90.1417135491665
55.3143296662505 4.73849560000357e-07 1.62881828871777 11677.8915088625 -86.5315027406106
29.0341582185816 9.57506100804912e-07 1.42302680188371 17485.472522606 -58.3246575204481
2.8245571315774 0.000263609207478792 1.56451691053284 15272.2202201458 -88.8054232866991
4.17400199617691 0.000384886351692155 1.60644007620759 12975.2709753183 -109.265009007435
258.490310251093 0.000761660456929597 1.05264265619696 86497.1227798173 -12.8446494225836
58.88165687259 2.53558555918632e-07 1.560818553284 12654.9270794775 -52.8797574000168
13.3491205599658 0.000622210814718549 1.29751727902478 26531.0007699063 -20.3608105283519
4.85202826326391 0.000677617766122664 1.49281524885597 79226.4176737079 -27.0662779407795
30.1634518521468 0.00119338442107574 1.46320954133315 373084.582827125 -27.767893118066
1270.4467933294 1 1.41919985445747 9892971.74584516 -8.75284657327104
15.1692891812787 0.000359707976798668 1.34580346637492 42596.3204322284 -10.4952574010582
8.91634772921304 0.0322748391514862 1.15970096620798 9884.47016300154 -5.7028506994837
4.11841944400315 0.0294976469155022 1.53603008097392 26642.4013151748 -6.04411138802837
54.1022342207507 0.0134514241772823 1.19515074786202 104357.08900575 -11.6461613304017
6.38991544092231 0.0636868987009392 1.80509296139176 271214.174187787 -8.56714812528498
6.35205389293706 0.749886291505033 1.55373350963457 74591.1146717292 -8.32088015722941
636.586960913602 0.149689926567968 1.07892730992275 595389.104534725 -3.71132754276604
8.73385069953902 0.000793508549773722 1.28326946421217 19191.8990819265 -21.1850674805255
7.92333094648209 0.01374162471279 1.53386753342038 92816.307640175 -9.58129009634654
6.09618549151641 0.0436356475682367 1.77133319333787 317043.992607014 -5.55360687768255
6.76518991899434 0.00190356219756226 1.4086065552285 37692.4837241277 -4.88710323510073
6.06822369298246 0.29170456583402 1.48173660062705 54195.1680712199 -2.30479229849756
5.776536416941 0.0421286636500223 1.46988137943791 49543.0090411699 -1.95876686581982
7.86885393020779 0.102095067873049 1.30421024696345 27620.8354704977 -1.17487166283768
6.67887525211083 0.15121700451777 1.39067786084462 33786.260813157 -3.75005677535777
5.21642910717478 0.00251505164334451 1.47969467922278 47490.1074078933 -1.48902908097987
3.90065235527988 0.00711326234724711 1.68733914915856 109079.299704163 -1
4.93738894259884 0.00419689870035515 1.48804879773897 44218.136612687 -2.33143811842102
5.50888906625853 0.240800312028458 1.60147279598913 98643.8886652828 -1.55298920643838
4.82170005049727 0.00487184656551034 1.55817324654087 65008.3680676866 -1
5.57261732752565 0.0289541958937222 1.46024467035615 42153.409636451 -1.41779806961408
4.78176555745814 0.0117627561714349 1.59066101330571 73731.6698382119 -1.22345887222421
4.83814488050876 0.00461815320755977 1.57282921399637 72889.1614447277 -1.10371000346528
4.60767852516025 0.00347023030712045 1.69922368119277 134274.726349262 -1.74356476578428
4.90654372644383 0.0221131729718636 1.59016212418493 77791.0946333567 -1.12265875989562
4.66251694192321 0.00430053514079336 1.64802125045636 103194.652291326 -1.39179346809197
4.6847069028241 0.0190463650912257 1.65289145092329 107447.046507396 -1.18890895598915
4.67332562684826 0.0232714128413449 1.64846098449456 103051.894377487 -1.05415387943288
4.557517843445 0.00435276386658564 1.68825046649736 123090.56423689 -1.12873798531061
4.49306636287219 0.00748023926556326 1.70639905656896 142975.64819586 -1
4.45153265170224 0.0132476102774445 1.69271545144753 129067.519042481 -1
4.62193686241107 0.00624584737673622 1.64272979251003 100038.511859712 -1.0419069236409
4.45052858230301 0.00755704983663075 1.69277246550311 129541.890525593 -1.00814277680419
4.44561628890316 0.0058639458470565 1.72626038961655 159278.854867364 -1
4.47313650190755 0.00551618128590987 1.71141288992714 145061.979707001 -1.03976917627878
4.45896964901716 0.00544375778803156 1.71190670030893 143413.273527718 -1
4.51086467661861 0.00656612550299328 1.69659904171928 133443.704193465 -1
4.38465319564939 0.00658160731120718 1.72685775505945 152474.76764075 -1
4.38392450450857 0.00643560157565695 1.72313982010331 151093.330391255 -1.00232346199251
4.47915507763785 0.006367412293886 1.70221423676307 136297.976354412 -1
4.45387434086704 0.00659478942336086 1.71406910419183 145434.360132472 -1
4.44146265598749 0.00667503148041644 1.71605407284764 146668.843827046 -1
4.45506845396409 0.00670900068325555 1.70858663350284 140610.033508081 -1
4.43457020751789 0.00643588787223613 1.71709425737529 147248.330286299 -1
4.4324463446823 0.00667205818425688 1.71419452645869 144724.661089621 -1
4.43049336300918 0.00673056605343734 1.71746044534867 147194.26161509 -1
4.44112685206728 0.00639425570716398 1.71242474064171 143784.306764796 -1.00003640127055
4.44401805689792 0.00668979424728902 1.71354659656633 144637.337034128 -1
4.42334158438957 0.00668728456181113 1.71591768813974 145952.259624841 -1
4.4339859241591 0.00669498341400858 1.71498407520214 145603.969115308 -1
4.42523100633378 0.00670757986006688 1.71612061777835 146171.299009036 -1.00047746730253
4.42971267098618 0.00667279626810253 1.7155045357282 145590.771725173 -1
4.42898569335587 0.00667162791842284 1.71598514341164 145894.064452938 -1
4.42397086803396 0.00666869670602727 1.71514507076078 145063.610357046 -1.00012030648484
4.41829532545665 0.00667707600000238 1.71538672872167 144914.962806296 -1
4.43288574558892 0.00642012850949579 1.7135479128527 144157.689740126 -1.00015917409948
4.43289277062865 0.00667016165160048 1.71292736073203 143329.781135975 -1.00026082617625
4.4312381810266 0.006672769464393 1.71176415736735 142373.920775936 -1
4.43021862700267 0.00668109566208336 1.71365408405491 143978.900636648 -1
4.42666627431185 0.00670011837463664 1.71392795302846 144375.200124435 -1
4.43084228896283 0.00669252418030745 1.71170246024847 142349.284755259 -1
4.43571767419498 0.00669712631528281 1.71433371153723 144849.829073426 -1
4.42849951648334 0.00667839181333046 1.71532688795731 145392.151701235 -1
4.43259640166667 0.00667401653476066 1.71363092020198 143931.914981355 -1
4.42765763053881 0.00669529668472988 1.71430439002072 144601.483947203 -1
4.43473554030119 0.00669089450526885 1.71257090789893 143287.233121627 -1
4.43580301230931 0.00670166838284735 1.7124586633037 143268.762025649 -1
4.43877278530525 0.00667950329957021 1.71174066627287 142782.919340575 -1
4.4308409552493 0.00667043727254817 1.71479826028283 144989.512193642 -1
4.43464326401733 0.00669162661319301 1.71386581392871 144355.63079445 -1
4.43478105436433 0.00667793094734679 1.71349194108907 144157.204453505 -1.00004879016547
4.43974804035639 0.00668822243018887 1.71239065156663 143406.724549768 -1
4.44083884321795 0.00668440871721339 1.71138949511435 142514.103033255 -1
4.43684781961355 0.00669109593696625 1.71276123026113 143588.784907228 -1
4.43460763164051 0.00668514290942513 1.71294387449103 143715.048376298 -1
4.43216751391868 0.00668270096738861 1.71358990735084 144094.877970807 -1
4.43404400468488 0.00667249561789814 1.71396770425987 144528.42805577 -1
4.43429641366456 0.00667698321011676 1.71288004853113 143396.567586256 -1
4.4331913694111 0.00668568990308601 1.71435123089594 144850.555031997 -1
4.43643371890624 0.00668469013501303 1.71316501497492 143938.516098669 -1
4.4414149724639 0.00668467738530187 1.71137100984862 142690.712777795 -1
4.43903274165175 0.00668344460422716 1.71249880389816 143595.67387653 -1
4.43533721619726 0.00668686216135338 1.71334016901515 144092.298257533 -1
4.43705601904488 0.00668571561967093 1.71326338971084 144130.681014114 -1
4.4360860963204 0.00667996945968939 1.7129101371105 143744.830007079 -1
4.43277414583478 0.00668146337407844 1.71403904955814 144596.171616096 -1
4.43723645811956 0.0066841285051865 1.71244792983939 143414.561252651 -1
4.43291518569859 0.00667859689899011 1.71345025037156 144011.627694203 -1
4.43223091156283 0.00667258412352102 1.71340826423526 143785.0596178 -1
4.43406415276722 0.0066823969670405 1.71294262215473 143641.851436277 -1.00028890404571
4.43699257241524 0.00668331376116145 1.71314036074529 143997.246403919 -1
4.42770020928181 0.00667217408104397 1.7149116563979 144947.47882812 -1
4.43647666221808 0.00668312890018577 1.7134870504486 144259.070604699 -1
4.43078819487832 0.00667376873916345 1.71445353289429 144727.823734818 -1
4.43574782965762 0.00668054832801133 1.71327460549887 144042.800753418 -1
4.43499313019349 0.00667385990259625 1.71350150586517 144067.03275514 -1
4.43929750579925 0.00668064601517181 1.71259360982488 143554.055711636 -1
4.43220638145529 0.0066761101202295 1.71335290774518 143796.480557416 -1
4.42995020006349 0.00667161251048282 1.71396911773513 144161.200264314 -1
4.43271010649655 0.00667798351052331 1.71414341280687 144572.745957438 -1
4.42923388953209 0.00667202947743599 1.71447333443564 144648.249665989 -1
4.43091368858332 0.00667405210796269 1.71452473436559 144828.476777625 -1
4.43499983000834 0.00668130105837752 1.71286421887729 143605.654987017 -1
4.43067556914902 0.00667190176696208 1.71384872567435 144128.671999119 -1.00007156214681
4.43002016791432 0.00667133583184245 1.71397515665089 144180.327251611 -1
4.42976235000172 0.00667067504539407 1.71454205986258 144726.340697945 -1
4.4308883802764 0.00667273576573727 1.71442914551385 144703.603255822 -1
4.43192906290122 0.00667367223060544 1.71446037302462 144830.036122062 -1
4.42926128342521 0.00667285699483459 1.71472246427076 144917.083230668 -1.00001445635265
4.43228292682151 0.00667299155521941 1.71460275161547 144903.019780863 -1
4.42999242020771 0.00667261442221713 1.71462900329957 144810.091666037 -1
4.42939481980947 0.00667369436313693 1.71504095694901 145154.613537907 -1
4.42877156663492 0.00667131428828871 1.71555958973209 145580.350063897 -1
4.43335835082218 0.00667238679308147 1.714738027365 145116.915760793 -1
4.43066321660792 0.0066731348256281 1.71439021164359 144630.640031017 -1
4.43139451246035 0.00667407622611963 1.71382142810872 144178.698876201 -1
4.43035936935365 0.0066739402668536 1.71485845552334 145064.461443962 -1
4.43054202535093 0.00667382128189615 1.71476892757467 145003.858202823 -1
4.43054927458692 0.00667317454077762 1.71461798796781 144870.731337691 -1
4.43198284895375 0.00667418841020787 1.71375612141899 144175.117461635 -1
4.42962683343598 0.00667280917925604 1.71466015418257 144812.098860105 -1
4.42992139770924 0.00667247697254789 1.71400207605254 144227.544688521 -1
4.43149248156749 0.00667392276516303 1.71410380307668 144461.795306038 -1
4.42951071692012 0.00667231718735029 1.71480171814325 144944.725415106 -1
4.42989241634388 0.00667362728781776 1.71402447469443 144281.552306103 -1
4.42983624339851 0.00667331603038522 1.71449894850606 144695.619684068 -1
