573.389250533181 3.2670797688882e-07 1.4487480611233 788.293080754322 -90.1417135491665
105.262322252151 6.08950476862614e-07 1.44782369824314 823.051552004604 -45.8378085240739
16.3748912375297 5.92593091341533e-07 1.57188513537848 11.9764556700473 -44.8315558056367
29.4861099472485 2.38435007686617e-07 1.59553057612592 14303.3250936644 -65.0224285552529
1.7351912457649 0.00102185057296398 1.84545740329884 0.354688136998869 -59.7687085185658
1.20784523118526 0.181766640758282 1.95309326650828 5704.16746885075 -200
2.27855788716899 0.0360241316751494 1.63310651748079 47.5725903695091 -110.965724614993
1.1627875678097 0.000189434127172415 1.47996623575923 1456.15618017102 -58.0836355777148
1.39414636885907 0.444806121921568 1.3257500205951 14.6544485294904 -23.7147169095938
1.46241572598367 0.00975273494213686 1.15122404692232 476.428253158315 -13.5925319425118
2.41093761683404 0.00985851036597624 1.68607121439717 165181.578110005 -62.903141131471
1.49761839058825 0.00296517369758573 1.92715917616003 257501.403920168 -101.067987378537
1.40104402438723 0.0173378369671282 1.81464474133264 157857.923599412 -200
1.89730683283955 0.000601020231861016 2 1430433.95314262 -35.8855324880252
1.47361357088189 0.100021629238422 2 545959.871963672 -34.241087816455
1.94872694957437 0.0500035551274898 1.76568348966606 363539.752510455 -23.688168851509
1.39115159145391 0.0232545465164033 1.16826919680554 2390.6925708165 -14.2756216526773
1.18945829503612 0.102662067572003 1.57055938211881 48419.1670524337 -3.58360583724419
1.88375860373771 0.230000794963477 2 1546143.67546434 -35.0714345014048
1.53390792807152 0.0451353358112487 1.85936724146481 513657.574300479 -33.1232703619884
1.77494860436116 0.0126568381436524 1.77685353017843 379772.864594209 -49.4202485477359
1.70221435164394 0.0503347724338999 1.68338639747411 93042.3661094729 -68.8897385824955
1.66694998415048 0.0227776940106163 1.58994491938603 84290.6043630827 -49.2121460989771
1.76479238282467 0.388530941146656 1.59422397550108 95918.9964221639 -52.4527688324168
1.7973851777775 1 2 1893220.1095838 -75.7922087401542
1.92532565965022 0.219791653780245 1.68081726302505 205900.140616961 -68.9382163138611
1.65601544603937 0.0312205130293153 1.78863500720724 352827.594673992 -61.9565373015763
1.91003634974236 0.0632466429117105 1.67347335671527 190255.140981633 -70.2928269855117
1.77057802642649 0.0586659816475563 1.89611707354258 702881.184924816 -74.0015049360953
1.76886420616223 0.078901889104722 1.69211941833813 212924.724234846 -70.9497706738877
1.79641426952962 0.327003074406841 1.68486463401591 177537.328119847 -74.1597503431607
1.831679411505 0.158852531720774 1.66254928980593 169430.168159869 -71.7303849705736
1.71001186370641 0.500900925282245 1.87486285971803 653360.987445955 -69.084141121993
1.71557958823465 0.163823759736029 1.85911508479474 574512.978217672 -71.4538394833152
1.80216453264657 0.0725625511113138 1.76498144682927 313907.330247484 -71.9295756004467
1.81781542773794 0.0422245467765562 1.76933407333358 334331.456410208 -71.9260027921233
1.79968908883708 0.077565041844062 1.75095537022938 292122.230158622 -70.9260897412265
1.77023031231006 0.176661160389337 1.81875517969722 460152.879753914 -71.9411636983806
1.77250034776936 0.128248250116249 1.8474835439574 545678.553843498 -72.5350637395646
1.75888125553366 0.360130786006854 1.91932902613991 906481.959226835 -72.05566049802
1.75644643024436 0.45708568353427 1.97327017816628 1302904.39100961 -71.593688494676
1.75056045663511 0.10397823030179 1.99167052804867 1472005.20476955 -72.7150458530177
1.7657482464897 0.371148200995005 2 1622802.57019139 -72.7148312329779
1.7691628588261 0.709327011711218 1.98987963109935 1468721.52099172 -73.3723701551263
1.76841357137515 0.394593000204837 1.99934807180472 1542621.36414486 -72.8694073945133
1.75424338800902 0.321047568305285 2 1534691.53308125 -72.486379523485
1.75636907449525 0.267140600633701 2 1552661.86910035 -72.746850726577
1.75429418898131 0.287530264759487 1.97487160275206 1318938.34005088 -71.9298167896996
1.75379595269408 0.373445922927812 1.99862906501517 1547742.28172476 -72.0947587038391
1.74910169228255 0.311030268334621 1.99107070673061 1463419.27512057 -72.1142910905893
1.75660311363773 0.101487084707229 1.99950843945319 1550804.54780967 -72.6451014173134
1.75826898877533 0.0641483286130014 2 1549546.08484228 -72.633994089804
1.7531334898826 0.287942140655103 1.99892940361361 1538147.35261612 -72.4381342651066
1.75695000099278 0.286909428317302 1.99456259326513 1509701.78335786 -72.1704583204013
1.75136787578334 0.201181806330562 2 1566149.37620214 -71.9845710998758
1.75400260462175 0.0827570846156466 1.99398753293721 1481556.56522315 -72.3562647856458
1.75396802564561 0.0855183589085604 1.99126963120314 1461955.02887408 -72.187294029585
1.74847499285551 0.0565795125099021 1.99885502644394 1545103.66745584 -72.1354583547953
1.75032142775993 0.0309969428367234 1.99650988775823 1527794.8788061 -72.0475823052535
1.75585062981326 0.0335133891711316 1.99873566380766 1564319.11237695 -72.415033182462
1.76143825704286 0.034077887600189 1.9969578064985 1535496.87021466 -72.4759492514004
1.75561547071597 0.133563075778835 1.99762170073675 1547595.73516765 -72.0957040214683
1.76223928784791 0.0341796631310557 2 1571721.31847065 -72.5098494966047
1.75847670273076 0.0853691402848168 1.99752678641907 1545121.66754027 -72.0952086056002
1.76125100335644 0.0623365079238358 1.99796769846441 1566400.30928167 -72.3794167419403
1.76036848942483 0.0334504977262627 1.99795978073859 1551578.97645955 -72.4289459599725
1.75063318547884 0.0854607658834126 1.99974496470467 1566334.07626064 -71.9740465997735
1.7585631888858 0.0335530338892321 2 1571738.34185042 -72.4110245499161
1.75730707759564 0.0351093462410511 2 1576670.80277683 -72.3008648738067
1.75436471528486 0.0868334995694835 2 1565300.38638645 -72.0826361898388
1.75293115778478 0.0847951821614453 2 1564878.58142948 -72.2495314998545
1.75511856932885 0.0947158803429815 2 1577532.48369968 -72.1021571777886
1.75319048046727 0.0567210258301568 2 1564271.4251198 -72.2402356595344
1.7578779014226 0.0522714719051296 2 1581657.40371987 -72.0781851074537
1.75525975444155 0.0522581429741989 2 1576558.16703527 -72.1704572890505
1.75125228760162 0.0850508025163471 1.99991400469236 1559347.86160423 -72.0665878485417
1.75215466652614 0.0855935468952329 2 1570873.67013669 -71.8983781052767
1.75761149876583 0.0364827541666554 2 1561422.39758169 -72.4492736978594
1.76105340023578 0.0412355907612742 1.99959089352021 1563916.82506013 -72.6580778334659
1.75801142936911 0.0378880996014187 1.99900237127896 1558149.26356678 -72.3168582051607
1.75491178713297 0.0845989741907839 1.99872347288504 1551089.77981729 -72.3127656900101
1.75498416775416 0.052461785217928 2 1569503.3495165 -72.2562382247772
1.75530039587702 0.0363665520501429 1.99943272198933 1549015.08580044 -72.5628439724286
1.75659203220492 0.0336450932532407 2 1565836.7935678 -72.3156076906426
1.76010758440321 0.0335669487259499 2 1566668.22867015 -72.5075574280832
1.75909208266231 0.0334965662658468 1.99957805048428 1558549.84703464 -72.546668666556
1.76030058156661 0.0335542862481702 1.99899860222471 1562966.55264715 -72.4624546332604
1.75752276432081 0.033367341682644 2 1567058.20533139 -72.4120903466041
1.75647376951833 0.0364343696813984 2 1568925.60221168 -72.2968858776684
1.75962346647761 0.0364705513812418 2 1565543.75424654 -72.5081419881063
1.75821428696633 0.0364028133570078 2 1568321.56921756 -72.3773191804172
1.75855386064969 0.036381795414131 2 1566402.11505017 -72.4473670348681
1.75813110276232 0.0363224569342751 1.9997584477672 1566666.84489978 -72.4052265188221
1.75775561644533 0.0363286286401328 2 1569921.57888635 -72.2725938613956
1.75977007586323 0.0363901726435299 2 1570934.15189752 -72.3900973247014
1.7573469407552 0.0336675652092183 1.99983594197135 1567147.66592022 -72.4007617860165
1.75672581718151 0.0363940744644278 2 1569779.34003208 -72.2483501529841
1.75712989560941 0.036298370924686 2 1571007.50637039 -72.3315020219099
1.75675825442692 0.033634629197048 2 1563674.83861134 -72.3543008304927
1.75652482273758 0.0333636046574447 2 1565853.52010148 -72.2882600682038
1.75799670604655 0.0333945795176672 2 1564084.10363308 -72.4042506484081
1.75628415377654 0.0333570037424003 2 1564650.76431556 -72.2846326318117
1.75716718726074 0.0333958933946017 2 1564137.72613774 -72.380566583419
1.75743700584106 0.033359567870772 1.99992410326235 1562372.26750237 -72.3972261360157
1.75715271174385 0.0333745724286238 2 1562234.26443778 -72.3685051721929
1.75737652701718 0.0337409209892781 2 1560788.95161654 -72.4073605672219
1.75707236242287 0.0333769729287686 2 1563716.19336603 -72.3849561420752
1.75744726138785 0.0337226140879973 2 1561678.08945849 -72.4143482747867
1.75756580302608 0.0336146564374495 2 1563790.94900782 -72.4304034579725
1.75681896913426 0.0333923683843949 2 1563538.95582439 -72.3606080271151
1.75552858858456 0.0333583083590971 2 1561304.70745408 -72.3013775233512
1.7565267753752 0.0333789184588589 2 1561621.01033515 -72.3617119108062
1.75610888417861 0.0333688105792622 2 1562883.07092221 -72.3212752733886
1.75631358002139 0.0333628165297278 2 1562360.1831323 -72.3488059252838
1.75638658227679 0.033355612736154 2 1562434.59603146 -72.3471049902356
1.75574867524044 0.0333587232464639 2 1562133.41840935 -72.3090170541721
1.75611597400618 0.0333575418797232 2 1562694.980104 -72.3387411259614
1.75576695592064 0.0333733436209955 2 1562711.54092716 -72.3123850504683
1.75612370985531 0.0333662445876388 2 1562728.32632619 -72.3443826367996
1.75608910839891 0.0333669110336221 2 1562374.7546519 -72.3420729248375
