17509.12
12454.57
2312.638
2295.987
680.6004
505.8082
868.418
635.436
430.0273
360.956
384.7575
255.6557
274.0326
247.2869
169.6831
139.3604
164.9417
184.0632
142.0408
91.56567
93.336
127.4465
89.04557
89.9904
83.85465
87.1272
82.94667
83.59567
78.37337
82.64211
79.79611
79.2747
78.42847
78.87041
78.0163
78.11502
78.21502
77.76574
77.54247
77.08224
76.84861
76.87954
76.88969
76.906
76.8064
76.77535
76.74843
76.75143
76.74616
76.70314
76.72414
76.68946
76.6964
76.67091
76.69553
76.68231
76.67002
76.65387
76.67749
76.66153
76.65904
76.67226
76.64864
76.6468
76.65558
76.6493
76.63385
76.63983
76.66655
76.65319
76.65012
76.65746
76.64615
76.63824
76.64069
76.64096
76.63543
76.63624
76.64959
76.66093
76.65186
76.62703
76.63273
76.63696
76.63964
76.64058
76.6442
76.63052
76.62817
76.62465
76.62339
76.62402
76.62479
76.62707
76.62789
76.63637
76.62569
76.62936
76.63532
76.63266
76.63523
76.63235
76.6345
76.63098
76.63268
76.6353
76.63183
76.63527
76.63408
76.63455
76.6301
76.63203
76.62951
76.62852
76.63012
76.62935
76.62825
76.6281
76.62918
76.62941
