12062.25
2725.613
1657.228
1906.24
401.1782
628.1023
415.3219
274.7067
302.3053
255.58
290.034
158.1934
157.413
131.2639
128.2158
136.5278
112.9987
107.534
111.2065
110.7535
99.49579
103.408
93.88722
89.64327
87.50236
84.90389
87.142
84.38095
81.36088
79.62518
80.94537
80.16279
79.59938
78.68307
78.55121
77.93473
77.61618
77.95384
77.59685
77.32642
77.27726
77.31223
77.29126
77.21871
77.19417
77.20179
77.19491
77.18009
77.18049
77.17779
77.17853
77.17721
77.17564
77.17541
77.17577
77.17501
77.17481
77.1744
77.17504
77.17467
77.17441
77.17438
77.17443
77.17434
77.17415
77.17414
77.17415
77.1741
77.17419
77.17413
77.17409
77.17409
77.17393
77.17389
77.174
77.17388
77.17396
77.17376
77.17391
77.17393
77.17381
77.17377
77.17347
77.17354
77.17376
77.17389
77.17377
77.17378
77.17388
77.17387
77.17385
77.1739
77.17377
77.1735
77.17389
77.17388
77.17377
77.17385
77.17388
77.17388
77.17387
77.17341
77.17385
77.17377
77.17387
77.17376
77.17376
77.17387
77.17389
77.1739
77.17376
77.17387
77.17377
77.17385
77.17378
77.17362
77.17334
77.17376
77.17389
77.17399
77.17375
77.17376
77.17376
77.17384
77.1735
77.17376
77.17376
77.17376
77.17384
77.17378
77.17386
77.17385
77.17348
77.17387
77.17388
77.17387
77.17388
77.1739
77.17355
77.17388
77.17376
77.17376
77.17349
77.17388
77.17386
77.17378
77.17385
77.17387
77.17385
77.17377
77.17388
77.17386
77.17376
77.17387
77.17377
77.17386
77.17376
77.17376
77.17377
77.17377
77.17335
77.17386
77.17386
77.17374
77.17386
77.17387
77.17385
