573.389250533181 3.2670797688882e-07 1.4487480611233 788.293080754322 -90.1417135491665
114.747426508418 1.16353146881564e-07 1.48631264783252 330.924902301899 -50.8020978090684
13.5391820276229 5.9827294573636e-05 1.0757627339079 1964.12804815957 -44.2293756172899
1.50029117901585 0.000211978112319563 1.20026814872768 688.584490281712 -28.4417368612968
2.91782900231889 0.000512727069257579 1.30076459857903 179.211777248316 -36.7418167120832
1.94318889160705 0.000170973990675791 1.34968049599367 58.8567052754576 -116.544046549808
5.98238230252985 0.500483417739227 1.07219231896078 716.12382855017 -8.56970102913629
6.47755328893223 0.00073165514159435 0.920155122547546 283.625572235621 -37.9486238691853
1.72710343004928 0.38662155098689 1.16133828339903 119.500541212349 -16.0110382859739
3.61327486146827 0.00177649125301688 1.28527661551172 568.029640930159 -12.9626745735135
2.07192986066502 0.0132694201852734 1.31783793649976 467.726216284261 -26.1651016135194
3.4191921657489 0.00357524940472866 0.992467946735167 121.636724410539 -61.1195203752135
2.8172150453385 0.0244392066526321 1.23298168660277 292.73503438102 -23.5157563980721
2.24546511810751 0.000925150881364065 1.33348142554934 350.23834854687 -30.9850973832276
2.27679785410324 0.00133305542986744 1.15077869487821 136.707352682418 -23.9546398539574
2.63898122991128 0.00863437221919275 1.12744949195961 164.013058103474 -41.5245795163745
2.7098289353743 0.00173418210323822 1.0833705553023 191.541317115772 -17.2548021199605
2.86810305907146 0.00155468987096116 0.893842152018272 89.5599041823236 -13.7443024960831
2.89459511976113 0.00091751322298698 1.1255089328176 243.966631442663 -27.1821471546321
3.09850296633708 0.000779126369167139 1.06276883703915 199.41088731163 -25.7704480891763
3.29712932736983 0.00071276640150342 1.06739209568687 142.582872511748 -80.7096883330012
2.97295547174023 0.0019143082774837 0.918986110654764 106.802867276995 -52.869712249503
3.41339225128463 0.00108020079460191 0.800586613866509 74.7838622805815 -44.7613366836949
3.45993778989161 0.00105174728005054 0.821233549360741 62.870188093559 -71.6320105400475
3.85305162475149 0.00163754956070355 0.849245045305593 93.5087894174291 -69.0186635285008
3.50136637555201 0.00128215386741881 0.82907884612202 81.4882058001709 -62.9198681082519
3.43929265962463 0.000945333927962918 0.833391721612756 85.4343738858971 -64.9461797037683
3.82291311517315 0.00134378345881423 0.798029621408128 82.7670766903488 -70.4721199918916
3.66029436351907 0.000898686537181419 0.820641730995842 83.7174216251359 -67.0175022480848
3.80823155754523 0.00114444448625949 0.806894804774495 80.9267070609014 -71.3631554140761
4.10933985094006 0.000906917831068191 0.734255289383792 64.1921908298032 -71.9953079299537
3.52873610025906 0.000981068201718868 0.83373771619765 81.4586520471659 -67.9082229542358
3.71929952439882 0.00120891606834128 0.811566034889987 78.8292835549934 -70.1233327823647
3.93195831821978 0.00103076516015764 0.786792287560656 75.094488790568 -70.1619760219883
3.59506806259986 0.000873696075320138 0.838489478151049 81.0972641530213 -71.7760376744126
3.6076590510697 0.00105244785213805 0.862982867158564 89.9258984348321 -72.1776301274753
3.59333317161379 0.000962544975475155 0.88609984886072 99.1123217934291 -70.8942014716746
3.6724737912773 0.00103860744091559 0.880020952406659 99.9894380881489 -71.1202235387009
3.69697442898224 0.000934955295737484 0.853454808936669 92.8211815149886 -71.1247540614229
3.74300026453172 0.000940508666638266 0.847341230235246 90.8296105037741 -71.6190700278683
3.70519665242234 0.000964687718255676 0.857432860885968 92.4227053555763 -71.6309914718532
3.7285955970818 0.000959362973041541 0.854418189300366 92.8514554663269 -71.7512244890286
3.62259521503563 0.000952002817283774 0.879776971729795 98.0986341871894 -71.7375263019019
3.7186692847984 0.000916208392345115 0.865165195395456 94.6058638539322 -72.1764319819748
3.7063508735411 0.000920043796757725 0.865819419409437 95.1157816536174 -72.2710194006549
3.72832739081112 0.000887628913363661 0.860016173156102 93.4029523017966 -72.4434131337213
3.74081881231029 0.000884455484078776 0.860502909655089 93.8411105211097 -72.2879116139154
3.71220163068955 0.000898716340359619 0.863453188311943 94.0159651775294 -72.2697567803878
3.71153543408616 0.000899197612492789 0.862025143161032 93.6027874693875 -72.1140549071083
3.71458029066144 0.000913514120172592 0.862271394086946 94.0560175446441 -72.0789725171996
3.7341839275739 0.000912723906565804 0.858455700785331 93.1091233150648 -72.087651541998
3.73902420568347 0.000912295415404519 0.855368174544034 92.0626125818251 -72.1374231525249
3.72363493350584 0.000912334971643342 0.859012723939795 92.9563299479665 -72.1000666784671
3.72797921701875 0.000911745959127958 0.859536928168004 93.3663938470631 -72.1417165745082
3.72764209709541 0.000912588036677421 0.858050434414071 92.7619774563106 -72.1489465487556
3.72544424258946 0.000913374361949382 0.859428151395952 93.111424199092 -72.1704949670811
3.72569159629048 0.000911828026244248 0.859713226461167 93.3419355910931 -72.1715698541373
3.72652180744135 0.000911860975507201 0.859269189103198 93.1568052780806 -72.1585797393166
3.72794899899325 0.000912015204775508 0.858949093854293 93.1041583100534 -72.1353188389691
3.72356975010375 0.000912487099608934 0.859726158481862 93.228475887522 -72.1705149425764
3.72526536964366 0.000912121259504341 0.859604111627594 93.2547517029316 -72.147362386567
3.72428878437943 0.000911924206267609 0.859649538252661 93.2191469137768 -72.1590954980365
3.72673750199671 0.000912314607809922 0.859207005387315 93.1365151800087 -72.1738390120617
3.72562595486172 0.000912394093126119 0.859281354489439 93.1092779149412 -72.1630495924752
3.72452789244379 0.000911953588958107 0.859688598052958 93.2555924084698 -72.1541437899009
3.7257439515903 0.000911763189093311 0.859522474574786 93.2298416301376 -72.1682638180264
3.72632020360721 0.000911876069377802 0.859256671017671 93.1281566941439 -72.1689983823987
3.72416345835877 0.000911894748652177 0.859706823265966 93.2488917876871 -72.1541417394327
3.72555121750453 0.000911754316964695 0.859484096520791 93.2071090920903 -72.1574555724191
3.7255741822444 0.000911898589130319 0.85943349881039 93.1903914396749 -72.15430682289
3.72522056411706 0.000911941964003384 0.859571683263236 93.2367046869001 -72.1521126079122
3.72596060397073 0.000911789267383695 0.859399138069753 93.2010411322952 -72.1484522893679
3.72522137445278 0.000911830116035241 0.859562788921989 93.2348126152759 -72.1473892518114
3.72549996146568 0.000911791226061526 0.859483135680936 93.2045776582557 -72.1524008749229
3.72582505555019 0.000911743665208777 0.859464791536551 93.2073153603048 -72.1538148564
3.72571412854154 0.000911789285147358 0.859465855187893 93.206183331757 -72.1514632180969
3.72472384252469 0.000911922506454214 0.859568643874416 93.1956935637594 -72.1534255054483
3.72685149730981 0.00091165178305314 0.859293240247878 93.1799700579524 -72.1531471092838
3.72560398108928 0.000911833546709062 0.859358761073148 93.1512592292932 -72.1434379552449
3.72549553542733 0.000911851754258821 0.859463886363243 93.1919129273828 -72.1530711309501
3.72662134610626 0.000911838548517282 0.859264330557792 93.1600703494326 -72.1544420080142
3.72624383782554 0.000911736239453645 0.859419828678646 93.2119177706636 -72.1535953103449
3.72712059941074 0.000911684122505575 0.859201145411459 93.1521940412464 -72.1551708142188
3.72601839258765 0.000911805797423788 0.85940590409588 93.1951777600433 -72.1523497616886
3.72627668029398 0.000911786822086914 0.859280142229772 93.1437657319413 -72.1507435013534
3.72697636054708 0.000911744283834341 0.85919176711211 93.1350495996331 -72.1556696487178
3.72586675269593 0.000911832470517869 0.859335676821386 93.1498715462718 -72.1512473305455
3.72608910404876 0.000911823426487502 0.85928659738168 93.133908751266 -72.1509779172416
3.72601197734554 0.000911821112415753 0.859314893773926 93.1457407915981 -72.1522685527711
3.72713880019125 0.000911699009218543 0.859154845545268 93.1256579292684 -72.1558703818206
3.72685045498866 0.000911739889078394 0.859271571947682 93.1727461340296 -72.155332145063
3.72570255455263 0.000911810454431979 0.859351230471809 93.1482609722388 -72.1494831057426
3.72593895412508 0.000911766263903404 0.859383825044411 93.1802061194873 -72.1494521749198
3.72655042406814 0.000911734777670335 0.859239835721066 93.1370117349617 -72.1523793527431
3.72610185103224 0.000911770777487707 0.859225546616942 93.1046299406687 -72.153566896937
3.72648572901553 0.000911712520602166 0.859223269582752 93.1237789378732 -72.1551105978506
3.72608530984414 0.000911759474279783 0.859311655261068 93.1447836345082 -72.1533346085342
3.72694356061632 0.000911730188810655 0.859156072668859 93.1114597891521 -72.1579142453216
3.72627838763513 0.000911760912375661 0.859305338622262 93.1528593543424 -72.1551420925559
3.72650587637909 0.00091177620033207 0.859194832695897 93.1080979807367 -72.1547566998408
3.72626888480422 0.000911746359208565 0.859334764937079 93.1699747379221 -72.1536881627014
3.725700003218 0.00091180385455974 0.859410042791583 93.1783237489418 -72.1485732256419
3.7263612043386 0.000911758718254532 0.859230929746193 93.1172733060273 -72.1588495836059
3.72598496177075 0.000911765903957883 0.859314287480436 93.1372192148687 -72.1548218093554
3.72588269606384 0.000911762030386333 0.859334026178077 93.1466973646453 -72.1525481327854
3.72700864181895 0.000911658783529551 0.859162426035266 93.1175867990606 -72.1593272753942
3.72578968890678 0.000911756561051794 0.859384515400246 93.1694429102613 -72.1519332043243
3.72640868128413 0.000911749919110556 0.859245623002692 93.1310671411555 -72.1527175761747
3.72625601141987 0.00091177526825259 0.859248044406615 93.118297011515 -72.1567427793264
3.72587495309516 0.000911805696532214 0.859332805601319 93.1480111639506 -72.1524286950819
3.72653995299606 0.00091171786201414 0.859215340231398 93.1203847642283 -72.1570155628795
3.72695043535448 0.00091168159815373 0.859163019895722 93.1185103957893 -72.1559496944177
3.72637667214891 0.00091172992821441 0.859287678018142 93.1530458615147 -72.1547146025261
3.72712902219547 0.000911682674942248 0.85916380792705 93.1309262335005 -72.156628552761
3.72645758256859 0.000911763518744667 0.859240882424566 93.1311435632026 -72.1549172858698
3.72705908722385 0.000911709592793676 0.859156236279647 93.1227370142497 -72.1544866585459
3.72615278174179 0.000911750525709288 0.859324676388591 93.1572234562882 -72.1543797260828
3.72635035731582 0.000911774048150689 0.859255061309639 93.1325780400043 -72.1542196608667
3.72603684895263 0.000911780923069091 0.859313219117401 93.1423124047082 -72.1539123705974
3.72538529561397 0.000911835650912316 0.859428362920965 93.1700070568365 -72.147924100137
3.72648393711785 0.000911745791023331 0.859242756371237 93.1334087845275 -72.1541622879175
3.72631609783676 0.00091174168123572 0.859290918472295 93.144514399003 -72.1565345901013
3.72597368345373 0.000911817634794346 0.859313486537222 93.1461833958819 -72.1493890486167
3.72635180692857 0.000911747509187779 0.859264954687524 93.1339070977852 -72.1540477916465
3.72608443096931 0.000911769752384825 0.859349959833843 93.1686817105957 -72.1520595621211
3.72618538872058 0.000911779185138174 0.859293610285624 93.1430450691148 -72.1527836894929
3.72589536303591 0.00091181080354756 0.859338608143581 93.1511752555702 -72.1517653605442
3.72617886420878 0.00091176442049762 0.859338684396237 93.1687953167914 -72.1511206434171
3.72591000739369 0.000911818445873299 0.859337181216119 93.1494699509569 -72.1510248188749
3.72562942088033 0.00091183072788547 0.859377373299668 93.1550462739245 -72.1498758552384
3.72596061558279 0.00091177372295597 0.859364891564736 93.1661308763377 -72.1535968589906
3.72564725588344 0.000911802258322921 0.859422147101183 93.1821151233707 -72.1491618330256
3.72561321538974 0.000911840892583066 0.859412322912894 93.1789827691723 -72.1461335913284
3.72637544150413 0.00091175032338761 0.859290114432077 93.1520643227579 -72.15359866864
3.72606003440243 0.000911775462026213 0.859324786291663 93.1532159291832 -72.1519604298452
3.72604130654738 0.000911772559326458 0.859344092201675 93.1620592650229 -72.1514542558274
3.72588643040005 0.000911802786008803 0.859345201788541 93.15216668885 -72.1522536847744
3.72618947551225 0.00091177116254257 0.85929376242503 93.1410750622967 -72.154988873916
3.72570021110021 0.000911825943497134 0.859357173913195 93.1541117534796 -72.1471279768406
3.72610104719742 0.000911771422450472 0.859327289902048 93.1565361655457 -72.1514065639035
3.72621003680104 0.000911783850881879 0.859293800533279 93.1448118042925 -72.152934578972
3.72619536366205 0.000911730737020507 0.859330639691941 93.1622793223646 -72.153954965876
3.72619621504896 0.000911766898988468 0.859319889854735 93.1588079348218 -72.1525929150921
3.72616315798083 0.000911757548977792 0.859333420141099 93.161259924622 -72.1537349051238
3.72611158216311 0.000911767957308502 0.859322186797747 93.153304944266 -72.1531979066796
3.7259113089852 0.000911821354363888 0.859379790613222 93.1734837022763 -72.1490270175179
3.72621739495119 0.000911764304106564 0.859301960622499 93.1493968940448 -72.1533939881717
3.72599862755086 0.000911811605251966 0.859342077733467 93.1595541320471 -72.1500636871865
3.72590337027771 0.000911816995714866 0.85936182036344 93.1653187054628 -72.1487171992807
3.72606626430573 0.000911777014387501 0.859356894566475 93.1711262318603 -72.1514250660325
3.72592247292748 0.000911810091826627 0.859362862686035 93.1641031556014 -72.1504377738676
3.7260496234094 0.000911764162789962 0.859318595369358 93.1481586420489 -72.1534331851858
3.72611192652531 0.0009117687384416 0.859331280571933 93.1583924605812 -72.1527098413252
3.72621049499135 0.000911752623856575 0.859294343469059 93.1441552468698 -72.1544330690197
3.72601911762812 0.000911781360259643 0.859358850413634 93.1677296745745 -72.1516649450979
3.72614748070107 0.00091176082214229 0.859301810263531 93.1439548545044 -72.1542938425158
3.72622300208996 0.000911750310184096 0.859271385598732 93.1318629408599 -72.1553441732373
3.72609322019188 0.000911765175886745 0.859320432683098 93.1518447834644 -72.1537859215475
3.72607870791707 0.000911769403557897 0.859343412657171 93.1642803054826 -72.1519243935028
3.72615816932422 0.000911758123979144 0.859299712968785 93.1458809557938 -72.1539992597384
3.72623526662476 0.000911736607085661 0.859254135848333 93.123154582314 -72.1571661799935
3.72628137112508 0.000911737493212081 0.859277968517995 93.1406416477378 -72.1552625627833
3.72628080416981 0.000911738104015926 0.859308230584168 93.1576987483663 -72.1534782215594
3.72636775165808 0.000911725916037596 0.859257680459903 93.1327306476085 -72.1567036659314
3.72628227435716 0.000911732450182134 0.859279935680046 93.1403604054996 -72.1560292251129
3.72614430837531 0.000911747413572431 0.859325372848216 93.1585701428206 -72.153070441794
3.72636128015931 0.000911709172903527 0.859285486426789 93.1486886441258 -72.1563290693664
