16130.69
3390.576
1845.718
1865.6
1551.14
1011.615
488.5369
530.2689
458.8845
320.6256
371.2064
229.8162
287.927
345.5751
254.8744
166.5605
178.291
161.5672
139.2248
160.3095
143.5281
140.8825
136.6112
112.4452
112.3111
112.8325
112.0878
111.3935
111.6423
111.5745
109.6058
111.3592
110.4758
110.8972
110.378
110.1393
109.9425
109.8185
109.5617
109.7336
109.5075
109.4796
109.5901
109.5872
109.4604
109.405
109.4031
109.397
109.3897
109.3661
109.3619
109.3745
109.368
109.3646
109.3618
109.3625
109.3631
109.3605
109.3606
109.36
109.3569
109.3588
109.3575
109.3578
109.3591
109.3579
109.3579
109.3564
109.3584
109.3584
109.357
109.3571
109.3581
109.3576
109.3573
109.3575
109.3557
109.357
109.3577
109.3575
109.3588
109.3569
109.3576
109.3562
109.357
109.3574
109.3568
109.3577
109.3564
109.3577
109.3575
109.3576
109.358
109.3572
109.3584
109.3578
109.3565
109.3576
109.3563
109.3567
109.3558
109.3583
109.357
109.3565
109.357
109.3563
109.3571
109.3563
109.3569
109.3571
109.3574
109.3561
109.3564
109.3565
109.3569
109.3578
109.3568
109.3575
109.3572
109.3569
109.3569
109.3564
109.356
109.3557
109.3565
109.3575
109.3567
109.3567
109.3569
109.3559
109.357
109.356
109.3571
109.3567
109.3567
109.3564
109.356
109.3558
109.3572
109.3563
109.3571
109.3565
109.3563
109.358
109.3582
109.3572
109.3566
109.3565
109.3574
109.3573
109.3557
109.3562
109.3572
109.3564
109.3583
109.3568
109.357
109.3556
109.3566
109.3573
109.3568
109.3563
109.3557
109.3558
109.3565
109.3569
109.357
109.3568
109.3561
109.3576
109.3579
109.3567
109.3575
109.3544
109.3561
109.3574
109.3567
109.3565
109.3559
109.3565
109.3553
109.3561
109.3562
109.3573
109.3561
109.3555
109.3563
109.3567
109.3564
109.3568
109.3567
109.3573
109.3568
109.3563
109.3568
109.3561
109.3562
109.357
109.3558
