573.389250533181 3.2670797688882e-07 1.4487480611233 788.293080754322 -90.1417135491665
214.861992226549 7.9703497995893e-08 1.25974275538861 616.321092752828 -87.7445525483814
88.2729391377935 1.57462725433105e-07 1.442303275631 28590.6789456584 -56.413886087433
288.021363265105 4.40349675042614e-08 1.62713993393387 253895.493457828 -25.5739040984441
6.37071888734858 2.80898476578554e-06 1.5144143803904 103793.162981622 -75.9511166925741
4.0337959106753 9.34045224052494e-06 1.20060493942027 19315.567960447 -52.4792699587839
62.8824599532913 9.42348695066052e-05 1.2439364980543 2093291.2567837 -13.5977607167305
6.79266730545159 9.29304344657324e-05 1.69629226995878 3757470.33836457 -52.0732440886082
4066.9183037126 4.38478345952667e-05 0.676757849630591 579274.16432797 -80.7137085802666
1909.85480137634 0.00271010603580368 1.06410736060486 15459400.1640323 -18.6505200403999
3669.09754949887 7.78669809675464e-05 0.696832017902261 768331.539886405 -15.895761917411
54268.2288982579 0.00259149768681264 0.914656488522964 82097004.6634007 -11.76581680329
595.259269581042 0.000559657441673036 1.11433708031529 5395289.31003467 -58.1566208397072
6.51221212304413 0.0716417975263403 1.4254162356519 603113.08034865 -29.8606009780704
39.0751438339298 0.000253852807735326 1.09510700116352 285108.493534718 -30.8138507240913
354606.102042057 0.000648045299050755 0.791692796065728 214226657.473206 -3.19812704839836
27379.819198081 0.00354384522599725 0.883043168916607 34423448.4611467 -5.95443221707967
1119180.62537376 0.104294131083257 0.794854246536257 688449761.803881 -4.31369397916433
2224663.40596526 0.00397252329390795 0.723424168550933 838012183.666866 -1.93670602952976
4659.09489653101 0.0253917400273009 0.874897485464556 5766382.22737654 -5.2778583225622
62503.3726316999 0.446917630578995 0.778755235661194 38565680.3900434 -3.71352925753776
409721.944414673 0.228688276218627 0.839330330642464 429597110.098333 -3.96951216687469
1901947.90615271 1 0.750191603042059 1e+09 -1.5019691898345
558326.051417175 0.454327953426412 0.83221311815633 545257754.72491 -1
148250.678560423 0.00396442842662101 0.824442706779627 140953937.657315 -1.14583603627695
71872.9038056664 0.153996116648928 0.866472499878729 98640987.6392 -1.03247939980529
179308.831656537 0.0513956067171774 0.826782943205054 166875795.698327 -1
151698.945022014 0.331426773545949 0.844167067401337 168070623.359482 -1
71167.5794998607 0.0113632251237068 0.824553181535605 66344349.2486921 -1.21231247741325
200515.747410176 0.498957259851135 0.830324922449033 199950921.792986 -1.00403501450811
82431.7161938927 0.0145755595246291 0.839202802976937 87680097.410859 -1
159101.573150375 0.0328252720337929 0.821677331601534 148432029.501024 -1
66904.5412424325 0.0216208165434945 0.852307962446051 79267897.2110066 -1
51738.3418099668 0.0298674069816743 0.825280121828503 49551533.7196313 -1.00351969764442
12943.730337311 0.0360532326144166 0.842128661937657 14111336.830893 -1
247802.986662126 0.012504225736448 0.837818823195564 266643129.984644 -1
92893.8152004623 0.0112333725734392 0.820742132338228 84542033.5337576 -1
396778.550935229 0.0125104541776531 0.838056650921885 412287152.027749 -1
40985.2257590091 0.0105878127737353 0.835736749376481 42129027.8274864 -1.00856469949846
131395.922286196 0.00760269067862565 0.842942275638575 145567014.163693 -1.01180005155596
449084.487895222 0.00724500265282976 0.839141500388192 474877126.069384 -1
58773.1805038913 0.0073537709163322 0.840040914946632 63203376.4771105 -1
321510.236183051 0.00691352723400316 0.840718621306704 345833220.596096 -1
128379.0976933 0.00882956256741506 0.840586774939708 139343658.946364 -1
67856.765200035 0.0103731953928724 0.843943993814499 75798288.4591761 -1
87347.878776888 0.0103405511991851 0.841245940633354 94798137.0270421 -1
149239.566741699 0.0108105998751385 0.841433119929431 162543858.509033 -1
60796.3101442665 0.010936298855439 0.842147580934121 66586435.6324239 -1
83697.6985832096 0.0105225166853098 0.844843895147624 93645159.1127396 -1
54039.4285617652 0.0105607868819591 0.842029257667907 59096884.719022 -1
132197.263440586 0.0107517903872025 0.841040724155952 143147074.200972 -1
88525.3167414809 0.0106840000266884 0.843475002564661 97832065.7405191 -1
57173.5757307076 0.0106362446452501 0.841226560997049 62144446.4458008 -1
80910.9062954728 0.0106004224518696 0.839830555739625 86687569.1833849 -1
101401.788084054 0.0105950720138546 0.839690988866393 108592338.46389 -1
96004.6225657649 0.0106462190863438 0.840257204919708 103397118.043355 -1
152012.1251154 0.0106426281520805 0.841749014265798 165704635.133964 -1
67597.8417912151 0.010596078649459 0.840323809321146 72802869.2956288 -1
99581.3802719632 0.010540372542907 0.841433785718777 108251212.017367 -1
88322.2010119634 0.010532078989906 0.840656590777809 95233548.3662998 -1
110205.037347176 0.0105484081953061 0.840889829345865 119270552.437602 -1
92150.9567967129 0.010634400356069 0.840422709139843 99279151.294357 -1
83124.3370987757 0.0105748491497205 0.840630108060531 89711995.7059772 -1
80108.4050690368 0.0105797274370425 0.840694497351886 86505494.4284343 -1
90079.0095402216 0.010611389012817 0.840864324199784 97405386.5795645 -1
99741.2313272957 0.0105565348127116 0.840795003747591 107774275.538525 -1
101735.976115066 0.0105390576480551 0.840537975302709 109651724.432773 -1
91979.7685639765 0.0105402631359066 0.840602172250412 99209681.8530803 -1
110776.295350269 0.0105405679250112 0.840596382315159 119489061.638204 -1
103283.216897061 0.0105327416262532 0.840682178247857 111543024.548366 -1
108802.857308215 0.0105779209258249 0.840634511611657 117389507.328749 -1
100963.395023003 0.0105953868142958 0.840752831090152 109053105.465929 -1
99035.0757695279 0.0105416352661854 0.840932806628048 107125410.265592 -1
102617.024163565 0.0105866076665057 0.840941665947735 111025186.183278 -1
98689.9490487706 0.0105721115944096 0.840764254443628 106609625.140316 -1
84046.8272738648 0.0105495617664896 0.841078964213281 91068118.2888333 -1
101741.054859127 0.010541296132679 0.840488985352096 109680853.194806 -1
95902.3090350083 0.0105585120127105 0.840587242117189 103475854.212668 -1
112086.166746984 0.0105453038000992 0.840978347607599 121290383.119517 -1
91597.5535103716 0.0105527582397483 0.840604658027016 98823804.1010551 -1
111451.258482943 0.0105449610330584 0.840718136692164 120363833.880833 -1
93322.0125791701 0.0105569316285769 0.840607776438281 100704047.459279 -1.00001546052841
94243.5421716894 0.0105642402165462 0.840613855602293 101700085.147197 -1
92660.8332198575 0.0105475826674952 0.840706174475904 100094543.664713 -1
101134.034383991 0.010553132303514 0.840531530329382 109045063.373734 -1
98017.0980940143 0.0105556659219876 0.840532512892971 105666794.582428 -1
99278.0252108785 0.0105374790935485 0.841036937292073 107524115.604379 -1
95596.2335300124 0.010548006044261 0.840590754979887 103149228.040591 -1
96226.0825624713 0.0105421981503939 0.840587971085059 103808401.918065 -1
100285.978532367 0.0105485412518984 0.840532124651946 108132815.659581 -1
88616.649009694 0.0105451554684472 0.840414570153451 95439826.6979096 -1
96871.067633717 0.010544306653473 0.840700211690291 104603345.354787 -1
91389.3063124747 0.0105550443523082 0.840639498290549 98640877.1024282 -1
95143.4040527951 0.0105480654848936 0.840803042887727 102835873.317289 -1
92866.7293987211 0.0105467700540652 0.84046980385566 100085058.490453 -1
108371.852360039 0.0105394156697536 0.840807151544294 117141185.449168 -1
101594.333826485 0.0105462286372637 0.840899421007322 109889420.840231 -1
93313.9041378244 0.010552024779507 0.840638965483659 100719104.025793 -1
90280.2976420856 0.0105516617312228 0.840618204623547 97430923.9809912 -1
100950.497463965 0.0105545024349898 0.840609998944619 108942890.747061 -1
91605.0627361508 0.0105376389879395 0.840416321696831 98676916.8940261 -1
101123.832076153 0.0105330540354677 0.840670743591054 109154957.536553 -1
96460.9898048262 0.0105401230245908 0.840888034562932 104347565.694292 -1
92585.8263714834 0.0105445694941829 0.840744022196036 100013651.395994 -1
103071.956014124 0.0105332384961852 0.840807086878081 111395321.532453 -1
106884.591999278 0.0105559749003206 0.840798121180962 115518673.130253 -1
105441.634231089 0.0105503154566282 0.840801638221893 113968398.331359 -1
101323.03196617 0.0105508459291432 0.840607842525437 109337879.054855 -1
110341.544576923 0.0105464597388207 0.840865994699287 119331967.72728 -1
104629.920692262 0.0105406722557869 0.840881773776923 113162818.244437 -1
105960.927524367 0.0105553990076131 0.840830404572432 114562334.083223 -1
92123.7174562612 0.0105439640027474 0.84039084928987 99210752.5357005 -1
96181.847671965 0.0105508884811098 0.840446092974421 103631260.108545 -1
95555.4125357591 0.0105420597133848 0.840441678416087 102949878.120889 -1
101196.057146992 0.0105403157824491 0.840610371852519 109183193.218643 -1
100752.120074669 0.0105426717802386 0.840808755204992 108910308.141462 -1
106306.342204569 0.0105483642438607 0.840825778531518 114926489.314961 -1
109453.410966783 0.0105492748689569 0.840612432986109 118101274.676283 -1
100153.378401966 0.0105367113810578 0.840490722033478 107953045.344656 -1.00004943402217
90715.1921183625 0.0105353223336328 0.840539424212994 97817801.1964968 -1
106696.162992546 0.0105405438988953 0.840962166968372 115486610.177167 -1
95317.3539853369 0.0105459859571203 0.840551614999857 102798171.591314 -1
112082.766415084 0.0105443423495189 0.841081543896551 121436769.555803 -1
97751.7855341204 0.0105424197407929 0.840616418350357 105476473.894437 -1
95233.9081160917 0.0105346029016443 0.840636309506301 102773730.032915 -1
100237.539130939 0.0105482428828096 0.840869399825651 108404581.194676 -1
93767.4607405711 0.010550580555846 0.840531717559176 101108075.004489 -1
104716.836262323 0.010554198306527 0.84059731798668 112976522.466258 -1
99467.9732162844 0.0105456075227898 0.840859209559466 107558870.784955 -1
101921.609663976 0.010546990033612 0.840809481001205 110163375.158787 -1
94552.0859008896 0.0105410366057598 0.840891689646083 102278339.300431 -1
103486.382046459 0.0105356212852514 0.840834599672235 111863790.341876 -1
93372.8133974011 0.0105586400815087 0.840341724146804 100515940.050519 -1
112998.971741878 0.0105380472910516 0.84084365263372 122162715.837231 -1
103336.270082609 0.0105532325430054 0.840677907459353 111568384.263401 -1
104471.314520752 0.0105469559812853 0.840769294183734 112886046.920202 -1
120275.437836119 0.0105466865714584 0.841000626786969 130231017.265003 -1
127606.977329697 0.0105455346929445 0.841327600240405 138550518.46442 -1
118106.412081331 0.0105560394176652 0.840823817091511 127679504.655634 -1
101722.189891155 0.0105446766750751 0.840696433597258 109838771.918485 -1
101565.715498545 0.010551342906938 0.840617250862117 109596306.575395 -1
108816.398022802 0.0105451393412161 0.84089904134962 117707562.213615 -1
117186.880615258 0.010551833128747 0.840800104679661 126664603.962468 -1
113995.883227243 0.0105426245979587 0.841130553582616 123554149.820757 -1
99482.5589843567 0.0105439277636311 0.840886003717756 107598748.482489 -1
98583.1198463507 0.0105463987797156 0.840749082352072 106499804.682634 -1
106487.981006376 0.0105610181291988 0.840741216929733 115044956.284644 -1
106855.887952342 0.0105486612249658 0.840815632884491 115497373.210005 -1
101826.779226969 0.0105573527897198 0.840589281474452 109844694.16381 -1
111555.032376354 0.0105508502519917 0.84097414932111 120753187.225996 -1
130891.410432006 0.010540338336493 0.841559309272906 142392071.792358 -1
101693.508252153 0.0105393107421452 0.840733531205556 109851346.846762 -1
117816.374580918 0.0105570794996339 0.841072900551244 127644609.94198 -1
93849.9720795518 0.0105450551104235 0.840547815083902 101214468.256993 -1
113415.573222092 0.01054431006409 0.841112257865398 122910935.465987 -1
114020.630500535 0.0105655520257549 0.840652800555938 123081672.416306 -1
96920.5412539259 0.0105547689538478 0.840632050035268 104614565.107182 -1
113018.237401715 0.0105637368304574 0.840549586782151 121889819.629512 -1
116387.226033589 0.0105590575194929 0.840642213784599 125624212.208475 -1
108637.352961908 0.010556324248483 0.840722706800567 117343085.770024 -1
102996.921484751 0.010535418772682 0.840772244684386 111284103.028671 -1
110693.13196481 0.0105614049755853 0.840722367329681 119572358.831378 -1
99765.8078661392 0.010535713124025 0.840848149981132 107871110.211028 -1
111011.352231757 0.0105446617313647 0.841021991472464 120217278.535744 -1
97140.6988362926 0.0105442086378937 0.840722857586384 104918110.475088 -1
112298.815744668 0.0105486759584799 0.840879045676517 121463752.793457 -1
110308.978552527 0.0105447950446786 0.840686829157279 119107432.859287 -1
111676.962673824 0.0105548565969907 0.840590783085556 120490032.669014 -1
102856.017697655 0.0105368273112651 0.840720414114727 111088842.165498 -1
116598.704812926 0.010546208953788 0.840819908333308 126034260.956419 -1
111843.18121713 0.010554463874156 0.840555481223474 120630091.678761 -1
112081.062832478 0.0105482726764361 0.84059001537169 120918390.675374 -1
110885.929614144 0.0105398193648454 0.840865469787092 119903368.163601 -1
113802.627128569 0.0105378651203757 0.840917888113046 123107061.791835 -1
106337.81444588 0.0105341573923709 0.840754286100298 114869546.647759 -1
99592.2168754345 0.0105528174845184 0.840424413732399 107295258.907504 -1
109717.341201102 0.0105417855781644 0.840903853747729 118682392.87577 -1
98812.7160427284 0.0105459711440816 0.840623454062442 106627007.843052 -1
107140.229893246 0.0105563027525285 0.840659822078166 115666153.415041 -1
99324.6927582766 0.010546978520248 0.84058123940858 107151043.585559 -1
109012.0920127 0.0105369730805125 0.84081909409952 117825052.227663 -1
100830.154123097 0.0105469259801261 0.840571235827414 108766383.457639 -1
98258.3039225093 0.0105372992494663 0.840509250651748 105926932.162576 -1
96326.7893672791 0.0105464514212669 0.840478872847654 103826939.996059 -1
104046.033138503 0.0105429695432499 0.840710042344075 112361350.026798 -1
103628.943321625 0.0105454386433718 0.840642044439291 111846676.238471 -1
109137.018225593 0.0105455818515397 0.840698888539803 117849196.418696 -1
112586.60903328 0.0105415174934961 0.840840704345427 121718535.988962 -1
94924.9128212989 0.0105443004990997 0.840562429627936 102393471.531131 -1
98927.7403126277 0.0105411509110957 0.840595570466138 106736187.379378 -1
92781.6633165592 0.0105636944126259 0.840261900138078 99837372.8016867 -1
98009.7440199353 0.0105499918170943 0.840473917798994 105648754.504146 -1
99030.1205498734 0.0105557737328764 0.840546495442885 106813681.130017 -1
106215.691800914 0.0105570076534474 0.840658277819352 114664520.078886 -1
107216.224949979 0.0105424077840088 0.840905480504288 115978984.766796 -1
97930.9497716046 0.0105453835578417 0.840755058992549 105810056.661264 -1
101429.64389745 0.0105391388823042 0.840583711214084 109419987.445596 -1
97306.6557285037 0.0105511134692018 0.840452442325892 104869237.175103 -1
105133.900169831 0.010533255758486 0.840687832474258 113518739.191397 -1
