1181.9157114274 1.81862223826145e-06 1.34712281215566 1644.11394439001 -55.1680184457309
792.123012797481 2.49855102257557e-06 1.20889288434298 1568.22646599754 -72.1675781543198
2248.80652693085 3.64322455984165e-06 1.18615343575104 3805.44641051096 -40.5859494326013
102.115416554336 7.45946132736243e-07 1.27267176392758 44.2489963786576 -85.4800430498421
33695.6254192147 4.65920652074369e-08 0.952404270575976 612.936474241363 -80.0647423595441
1798.14699601558 3.26118133111282e-06 1.20609382631672 3498.27692342211 -47.4774600376281
18.2145758145631 2.82014041317528e-06 1.34513738723821 12.9145998702901 -127.089187858145
826.444185798113 2.38285081866257e-06 0.817262364418945 535.609209989261 -26.8552271840076
1673.80045588068 6.40552048278981e-06 0.82385521994895 2686.88358253213 -27.8570654294813
7.05122067740677 1.47329357704022e-05 1.06356930407219 12.9946053112028 -40.1796340627279
520.093348916462 3.03383242645586e-05 0.825838734712134 1497.24329533542 -20.4510109401861
146.879947947017 1.23650940825165e-05 0.907413379822825 377.961175267569 -38.8381182925808
27.7045651970652 1.82402796054607e-05 0.820428189842838 46.5743214885616 -50.3292319726552
18.757848600445 1.47748481964262e-05 0.710681162309027 23.6557576292712 -23.0801595446134
152.066609088052 1.48660686033086e-05 0.806306985026041 297.93779284062 -45.0426170702149
16.589656055437 2.13290416165867e-05 0.778986739843757 26.5428050304267 -37.5371567097428
260.241007047005 1.4879396765422e-05 0.723449968075869 417.287168445772 -45.009891981359
50.6247585372961 1.85288775102288e-05 0.738946584457513 91.1824786620361 -32.7128779410517
95.0929058439114 1.48017342426531e-05 0.713772035898416 155.524600653616 -36.0183364987492
82.4192465859171 1.68814568821356e-05 0.675118064236826 126.810397142302 -18.7417437036496
118.981013458647 1.74105273247796e-05 0.66126092663725 179.499364001355 -44.9836897249744
177.914274115749 1.81594299006602e-05 0.657241826893099 269.982827377383 -23.5016915218561
218.460497037206 1.75790565339372e-05 0.661061331184805 329.587004197032 -25.4760580830271
146.357411747531 1.71146379469619e-05 0.684129285407772 233.561301243931 -18.868851240248
144.481938222763 1.70379578881364e-05 0.691212097928474 226.631028652953 -39.8091275623513
461.469923474386 1.83635027426573e-05 0.68110592695183 768.030676501481 -20.2195905665239
267.555526043408 1.71626278018157e-05 0.672839056030387 420.757433869044 -23.9396480936739
519.573042675548 1.85300848646518e-05 0.678087545483485 875.905732485498 -15.489706347992
402.334648675128 1.82806597212163e-05 0.677894631761626 664.979615632453 -14.5699986294779
1040.5013403321 1.77822854120396e-05 0.666667170886727 1702.96425151479 -13.5790467006911
1738.18166689974 2.13464714079876e-05 0.674966968014597 3166.00971537227 -8.47358796462575
1856.06180609463 2.06264580528475e-05 0.669675661434626 3316.77438292129 -7.46773313007732
7224.28441693955 2.43941305419615e-05 0.678712935114693 14148.7809110631 -3.86466181303113
5996.32935678844 3.01913263954257e-05 0.675135748739019 12956.4347324522 -1.39185205716297
3183.49076071602 3.09992277013695e-05 0.663786525304646 6665.195306591 -1.49160276196444
5796.01900376586 3.18791478696652e-05 0.672092278925833 12723.9875885168 -1.02984689440894
1043.5885487883 2.92465138045095e-05 0.669122268737444 2171.59226287605 -1.97871795198546
8000.02490845746 2.97659205035899e-05 0.682966965298129 17561.9560124072 -1.47084493818393
3635.35739599547 2.95045147513069e-05 0.673384154892667 7783.97274302182 -1.39601285105991
4789.70948839453 3.00185868774798e-05 0.67276457576316 10268.8369875013 -1.39467854308816
4875.89777688469 3.01673730615876e-05 0.675135501792678 10581.8773665787 -1.27168044210723
24236.46093919 2.99109417244587e-05 0.67186552169686 52057.2924859757 -1.14829654604163
6825.27192267108 3.11935404587016e-05 0.674704510744324 14933.4547902169 -1
37664.2509485119 3.02240898949232e-05 0.676819174229088 81916.8297024855 -1
16329.2196435013 3.13139233195137e-05 0.674231516875193 35781.8410249582 -1
24850.7510862357 3.06258446474717e-05 0.676092743068718 54437.9226898077 -1
19369.4405421583 3.11304987985088e-05 0.674595023426703 42362.3443487092 -1
20471.7780406937 3.03883465565287e-05 0.676211987869866 44727.8741389077 -1
27674.3425038711 3.07815190528137e-05 0.673915123087829 60316.8901797264 -1
71398.7607646178 3.07972819989167e-05 0.675092046788974 156142.370354642 -1
20925.0698567638 3.07271829606858e-05 0.677491307716865 45889.5267179801 -1
20805.2132080697 3.07020650080359e-05 0.675417469891386 45384.7718409944 -1.01245129248966
33407.3357556234 3.08053065483983e-05 0.676046649005463 73143.9842057539 -1
25160.4347745799 3.08751155947229e-05 0.676580113668226 55226.2391183208 -1
26909.243583384 3.08549950282445e-05 0.675639445865204 58922.2442326917 -1
24869.7604852226 3.07533970313275e-05 0.675500471286801 54343.6737136253 -1
48165.9338109693 3.07124759420993e-05 0.676605432431755 105440.349588674 -1.01142953779036
37709.1355218354 3.07497118363949e-05 0.675952361502484 82522.8911683282 -1
33670.1928664252 3.0799562106078e-05 0.675370884668448 73606.8626788509 -1.00415057802831
29412.5782769078 3.07487077903145e-05 0.67617237774086 64396.0215872524 -1
35763.0298105002 3.08168818083161e-05 0.676545662257331 78411.6670416682 -1.00012256716433
39160.0770628752 3.07535139814378e-05 0.675969244158399 85607.452343916 -1
31058.3687891923 3.0818575777378e-05 0.676195242060242 68032.8304791896 -1.00246685750035
27677.5777273361 3.08075216671848e-05 0.676338591703785 60646.1255196758 -1
34076.8683960711 3.08132694355217e-05 0.676213411419108 74642.6318074668 -1
33651.0108976776 3.07747847779721e-05 0.676264381982844 73662.7384791142 -1.00032971016473
35219.7821916758 3.07615844746549e-05 0.676279283324165 77090.6932925605 -1.00136296939034
47999.4275329065 3.07999713217044e-05 0.676354097165518 105154.128207384 -1
36093.5943070185 3.07446747431998e-05 0.676220132207759 78954.8475320072 -1
35432.8775220875 3.07380161171803e-05 0.676203615054952 77505.693522919 -1.00119230874411
41762.5363885316 3.07515395610081e-05 0.676217778970405 91376.2841258657 -1
54116.5700294529 3.07215540164513e-05 0.676111748152948 118329.132203677 -1.00081408227625
57932.2330469518 3.07135537639904e-05 0.676149292067259 126686.677797317 -1
55069.0723718467 3.07353436454358e-05 0.676097209516766 120417.976392573 -1.00065653364637
57381.9723339466 3.07290784930648e-05 0.676138863103497 125482.016077131 -1
52996.0708859952 3.07420743054448e-05 0.676264723893708 115948.809983675 -1
53716.5320223936 3.07441922000762e-05 0.676044999097116 117459.513281509 -1
70796.4830027117 3.07363166872433e-05 0.676247164857589 154886.075738283 -1
86120.157971931 3.07316897173556e-05 0.676113407738847 188323.571742055 -1
