1255.003
974.6537
894.4965
874.1922
910.4005
884.9384
526.8958
498.4912
314.3948
160.7906
220.5901
253.3882
124.1891
111.3814
116.757
100.6934
81.73254
82.66174
80.51668
74.1804
74.89335
75.03159
74.3904
72.37912
73.97678
72.475
71.99929
71.81435
71.33717
71.43528
70.47324
69.9383
69.04714
67.31657
68.34208
67.33647
67.95275
67.60477
67.30002
67.32437
67.26442
67.21287
67.1005
67.14517
67.13121
67.07481
67.09443
67.08482
67.05917
67.06671
67.06112
67.06041
67.04998
67.05003
67.04671
67.04518
67.0514
67.04562
67.04403
67.0452
67.04096
67.04197
67.04304
67.04035
67.04228
67.04264
67.04173
67.03933
67.0389
67.03764
67.04061
67.03876
67.04009
67.03764
67.03533
67.03708
67.03709
67.03607
67.036
