573.389250533181 3.2670797688882e-07 1.4487480611233 788.293080754322 -90.1417135491665
65.9635094499861 3.2262043441101e-07 1.67384371742617 4574.5528543358 -79.8118349433788
207.817121115647 2.31955193729482e-08 1.40351797183034 343701.644211046 -52.6595186540836
0.497475272987043 0.0047393661260795 1.62718428673662 2.08422944049323 -127.095466382423
0.50825186640855 0.0061762154082112 1.47621902050068 954.712799218088 -200
0.680196217406328 0.010266290195114 1.40462664414381 1873743.03204304 -70.507779343761
1.22074454507689 0.000125512344991284 1.38837820759026 16901.501022898 -200
1.44772984794624 4.63966607657895e-05 1.07866648133686 22383.2818045268 -20.5247966751242
0.807929919791226 0.0124737121472342 1.38902789564272 295.427574243199 -57.0949057118326
2.01887833812112 0.000981302988857103 1.35611256261232 3684418.88838675 -75.7720952674472
1.54853257446117 0.000175385763358437 1.22101885082563 44025.8647030306 -102.874613139149
4.15829721545774 5.25240033842193e-05 1.1850263390124 1422230.3356513 -164.065842287546
1.64946619567055 0.000457742854850691 1.32754537182152 205866.575567216 -152.20706268126
1.74352444424763 0.000162800403405846 1.1159293597477 166781.427235843 -18.316365007862
1.72930908550479 0.000890265634731651 1.57094503149598 6240327.49123555 -188.054312962225
1.3740333543666 0.000503200372637449 1.20703822918863 343081.119264866 -51.6411498007273
2.12545825465849 0.0043184719890502 1.10802781562522 167227.647618898 -42.7819977639813
2.03850866359666 0.0564724568276534 1.06977107650182 124522.700009244 -18.8566850888169
1.81391237981822 0.534354167087027 1.16813250150926 468619.495355775 -31.4026210068093
2.72725940524515 0.0102419667026114 1.30449151443518 2181609.77554095 -72.8372444961293
2.5849070871969 0.364556479273049 1.19679472737764 470696.018117806 -94.2383451265301
2.42802508279479 0.0187425486440353 1.03678536918925 117786.275155248 -30.5980584852734
3.23069306200354 0.0351256270962052 1.19158226557644 927044.540866755 -48.1423885255591
2.08350954411422 0.114290307636321 1.21725129385522 597230.666961432 -49.350555820722
2.71051776146571 0.148815327710041 1.31393140285645 2091054.82908926 -79.3170037862411
2.16256859095066 0.475371451430475 1.13375135843618 270881.286548336 -26.4398357744162
1.83006415256997 0.241015969635392 1.35221493837315 1728240.61736428 -65.337968164236
1.98830450060641 0.687985952787104 1.2981427378335 1357122.95816116 -54.783504470432
2.17004214063118 0.150930927084825 1.29063709353191 1407574.58883396 -43.7703595851819
2.21753334368078 0.437250706506071 1.30944324139318 1744928.94682721 -65.3668775885602
1.84584935607315 1 1.42760083327486 3887691.09893144 -69.6703896242687
2.30136290448551 0.390920504351972 1.40899221273286 4684562.60786277 -72.8119154436713
2.00856621762238 1 1.35048698926295 2256191.23387021 -62.0575224002417
2.03259410949295 0.709685654843729 1.36385917200382 2630638.97931042 -63.178915368656
2.15315494486581 0.366267979102474 1.39077835665801 3796719.13744514 -67.3596490952092
1.96419112181684 1 1.39877844725295 3326149.65994851 -69.5595493836539
1.96790577106157 0.631434392567003 1.43769425274569 5124275.39017259 -69.3135028505705
1.95876330577045 1 1.4522700799999 5720572.87689165 -69.6590610860325
1.94659508466713 0.472239310852526 1.47795692695927 7303660.78062386 -69.9155157978039
1.99537319779009 0.739913352982586 1.47245789709537 7402817.63159713 -69.1671479573498
1.93091271562425 0.802341019347665 1.48344248116155 7707222.91769703 -68.7747576241852
1.91420850708797 0.537531344824302 1.49223126835794 8244315.10629549 -69.1122733241841
1.92383899146913 0.856568392215413 1.51654120935921 10499744.0879234 -69.4766005122817
1.88315830603114 1 1.52948186260451 11643794.9297727 -69.2637639655873
1.87308163752497 1 1.52101508933854 10728349.1741512 -66.972230904999
1.83122367006126 1 1.54725209642334 13383413.5230735 -68.6419818743121
1.84594712602973 1 1.57614648833697 17910101.1362888 -69.1439768249855
1.84735364247911 0.903105592965709 1.56233426643945 15904500.3759704 -68.3478202729777
1.8449984315481 1 1.56077513271149 15788768.402781 -68.0898926150858
1.84146045693827 1 1.55426967850521 14626065.4552229 -68.1876208204751
1.8536607304707 1 1.55812405210044 15334436.6151696 -68.2253699536148
1.85293455531007 0.958193964770737 1.56102065502592 15831692.0757503 -68.1169491147
1.83478706140796 0.953722036598645 1.56589237603189 16360166.8481241 -67.9923108433531
1.83713131849333 0.950142736385453 1.57051262214458 17111996.0506288 -68.2687060842053
1.83661631427594 0.974698703616947 1.5713177069382 17293715.1566079 -68.1788613609345
1.84665895515998 0.968938321759565 1.55548860138702 14862918.3152002 -68.1945585142825
1.84968682726607 0.992150625293168 1.55514059170899 14831749.1253653 -68.2469453829213
1.84488135090757 0.94642198731744 1.5628353195012 16004723.0660639 -68.3411758102802
1.84489871094626 0.990954934538293 1.56146258785827 15785304.1782839 -68.2679854701932
1.84804171305652 0.992449782120553 1.56353332958321 16125889.7624866 -68.3745919118146
1.85064710339646 0.991014352892559 1.5581616011274 15347966.9432394 -68.4310820574038
1.85023880341116 0.969790211836307 1.55929472454341 15490628.7412196 -68.2060597225953
1.84220121644091 0.988420814358918 1.56240369105886 15906384.3533049 -68.1697398759061
1.84615197319249 0.989562504460273 1.56215995922772 15916142.4153748 -68.3115870573993
1.84634432365243 0.968807934583804 1.56477911114635 16346616.2382629 -68.3654284711396
1.84654150401205 0.989185387306487 1.55932017532577 15477022.9268435 -68.1853192235786
1.84328213410062 0.988689509328737 1.5644518550677 16232003.5565095 -68.2409689484621
1.84580046225453 0.989197432433154 1.56152308254084 15802876.2044537 -68.3067722534961
1.84401868429205 0.99150917354961 1.56157810797146 15826958.3153446 -68.1055024023319
1.84567515630801 0.989344007877572 1.56256416500048 15979616.5694666 -68.3526400833983
1.84268704979426 0.991125509100434 1.56361626379349 16126787.4003716 -68.1737118071436
1.84696838783891 0.989484048483035 1.56106659947804 15741899.9498299 -68.2910216502014
1.84569396623246 0.990184965316071 1.56186166306566 15864325.5663493 -68.2554063719904
1.84614466368182 0.989510232040375 1.56228200019706 15939330.2094419 -68.2699711731503
1.8448172506432 0.98945903441247 1.56055470533665 15649274.9896493 -68.1976036761988
1.84608336127523 0.991091755595465 1.55842581924691 15344475.0102008 -68.2278117986795
1.84904141962332 0.990462831811473 1.55864003308939 15435281.7810094 -68.3227812242633
1.8486247359575 0.990671829179371 1.55683034748882 15158371.1018486 -68.2301066569673
1.84457037380155 0.989505391522961 1.56072066966827 15670400.6623741 -68.1957950597602
1.84735109880923 0.990392857255096 1.55967893587544 15555966.3869374 -68.3009646429922
1.84773995349626 0.990870441275532 1.55688780231051 15132579.3005208 -68.1631662228999
1.84816949988151 0.990730945760423 1.55840053904477 15364154.710807 -68.2419889966571
1.84774133041331 0.990819459586327 1.56028876264298 15656021.5647761 -68.2385151690033
1.84725140791976 0.99019762576415 1.5603730889466 15664632.913542 -68.2679249813096
1.85032498287084 0.990429442190346 1.55728959133732 15217981.1880838 -68.3889953565992
1.84833773940035 0.991022634653052 1.55942902257185 15526864.15465 -68.3635360371447
1.84944817286195 0.990783474368288 1.55880381880473 15446224.9703159 -68.3262425426303
1.84885042876638 0.991062888993403 1.55831057715492 15352165.4450882 -68.3264437054916
1.84653038082186 0.990637572541265 1.55967787127168 15544043.1984979 -68.2172603718182
1.84971079270351 0.989987190518493 1.5566246868377 15113218.7706907 -68.205871203054
1.84852658525662 0.990775671666547 1.55767719667555 15253102.0132643 -68.2369380966643
1.84827733712064 0.991416798968124 1.56017798186738 15646640.2348798 -68.2991028256612
1.84844504485129 0.990282519188137 1.55807861087305 15322773.8118677 -68.2009394871914
1.8498559319587 0.990766182696797 1.55945296338308 15556340.8028037 -68.2498214873377
1.84799811050356 0.991106761463585 1.56020272283838 15648010.759728 -68.2681635783141
1.84958929604159 0.990723183652661 1.55916766476565 15511209.6624715 -68.2557596373071
1.84855377932168 0.990800459976439 1.55990636243753 15612140.5101874 -68.2437889330747
1.84782188371843 0.990735610005842 1.56003420671715 15622633.0106373 -68.2297127689278
1.8494642576839 0.991160772102674 1.5589756498933 15473230.9113901 -68.2090897112028
1.84806991905238 0.99066253027229 1.55930508840917 15514732.816368 -68.198367847717
1.84864722342052 0.991042389679363 1.56023763482406 15663116.9653343 -68.2543510551958
1.85050164089241 0.99144148858217 1.55634437844891 15070108.6600965 -68.2439112454904
1.84761577868603 0.990768723049741 1.56095464761963 15768874.6657344 -68.1727916096258
1.84841066847278 0.990576108040923 1.55788810513707 15290056.9269263 -68.2189975187528
1.84342798945124 0.990935275267077 1.56363474228571 16158310.95833 -68.1252911181487
1.84936925252205 0.990881277732003 1.55810021677031 15326974.5440004 -68.2940746319964
1.8478786203532 0.991156759660359 1.56029040174797 15665263.0908147 -68.197568993569
1.84871505533445 0.991331245497955 1.55851173745566 15386635.1827789 -68.2221144539596
1.84865039167636 0.990897717115136 1.55992943609002 15612503.4357954 -68.2611235628807
1.84963999466908 0.991199380801624 1.55893887075767 15464102.8529506 -68.2766730088527
1.84923487101111 0.991005922976225 1.56057198333937 15725399.5110864 -68.2432951229888
1.8476442594543 0.991187670564911 1.56045685874699 15689929.2493559 -68.2128571765298
1.84877286922157 0.990693420737425 1.55929354003162 15507969.1183297 -68.245682433273
1.84716350167112 0.991138399032307 1.5619184607458 15911127.7709625 -68.2380086077963
1.84697617408258 0.99106887354774 1.56096137341652 15747488.0705765 -68.2516823556005
1.84982258207171 0.990948673275972 1.55892707996856 15469166.7500206 -68.265812473541
1.84618596805828 0.991231049775611 1.56173893108772 15882758.772707 -68.154897213791
1.84752950814401 0.99119871460074 1.56121357046246 15813452.4228309 -68.1586902523238
1.84976503477028 0.990601552300542 1.55838004291548 15376612.7886031 -68.2654743940743
1.84913584209491 0.990795213449567 1.55962590876696 15569123.0101357 -68.2299367171721
1.84874366926067 0.990757566345235 1.5608438497623 15763398.1233207 -68.2176190715354
1.84750481712963 0.991056348244457 1.5605607146875 15695627.089457 -68.2551407631575
1.8473314637887 0.991044693166953 1.56164563384161 15876183.1983825 -68.1967091964325
1.8493803050601 0.990879100569543 1.55927153509635 15517746.4764393 -68.2439846227962
1.84874993974809 0.990858868519158 1.56028678281924 15669578.9924176 -68.2322407896884
1.84634428318803 0.991034948749053 1.5623452965223 15974422.6948332 -68.1790713727447
1.84930167532456 0.990925625404361 1.55834262629918 15367931.1422021 -68.2402300727618
1.84806104125923 0.991049297519218 1.56029320971148 15664563.3985594 -68.2108836318656
1.84666132236923 0.991015809950761 1.56211942465173 15940740.3094812 -68.1919681210467
1.84746881728316 0.991092784355277 1.56053144400044 15696198.829093 -68.201575045247
1.85019826886283 0.990827525615018 1.55898551188352 15481449.2972118 -68.2510641629474
1.84669446525016 0.991096542881729 1.56179487155315 15890233.5417634 -68.1883550495437
1.84899189500121 0.990865945302341 1.55930833336922 15512648.1301296 -68.2416123549363
1.84708333718989 0.990893524445084 1.56117804867502 15792149.1856218 -68.1998032821839
1.84796037096722 0.990891211071983 1.55999523353015 15610753.2846422 -68.2189270688899
1.84844972149463 0.990934159152017 1.5612948842151 15837872.893045 -68.1999088007805
1.84907898593591 0.990865821919699 1.56012045656265 15651149.5948019 -68.2140555696738
1.84904720601115 0.990792965581149 1.55954453676271 15554443.14962 -68.2345620647894
1.84942979922088 0.990760360308989 1.55955463334344 15561113.7916906 -68.2316097755351
1.84783216741787 0.990958244183046 1.56052726598743 15700501.4963949 -68.2220704035806
1.8473977184054 0.990959907975408 1.56050087520729 15686966.9136763 -68.2048342682123
1.84625972269291 0.991111421156402 1.56258696776242 16018914.3894541 -68.1844094949972
1.8481033278154 0.990967247600991 1.56066349588168 15727533.542522 -68.2217615401916
1.84805492523814 0.990834499596022 1.56043054966748 15683951.908864 -68.221160142456
1.8487291759549 0.990883000729165 1.55989997102517 15609826.0610495 -68.2198847863272
1.84735513217242 0.990964528930184 1.56148545495121 15850099.8796338 -68.2028037592267
1.84758441682419 0.990962357707866 1.56103445895041 15777547.9271792 -68.2083461882897
1.84937690574878 0.990830928782792 1.55941624068981 15542114.6298675 -68.2348036325341
1.84871535839256 0.990778777755035 1.55986705850531 15602693.3884521 -68.2237185475003
1.84892681300964 0.990817539595057 1.56004064239449 15633818.7997724 -68.2305388945804
1.84839787090336 0.990882050085152 1.56053012687013 15708615.4200662 -68.2131813939248
1.84770752592359 0.990905577144332 1.56109015550104 15789880.7455328 -68.2207658324064
1.84835380135993 0.990998798323278 1.56153978920025 15876090.7985898 -68.2133666616505
1.8492550733814 0.990835453406839 1.56080546643975 15766609.578144 -68.2130120158729
1.84834898149653 0.990904318367478 1.56151560178205 15873201.4728042 -68.2084082776905
1.85004822174492 0.990808277683223 1.55977091739905 15607682.9381132 -68.2430673677235
1.84806962418475 0.990847711111793 1.56052036298972 15698888.7308736 -68.224955807006
1.84914029153751 0.99085535458209 1.5602482313609 15674550.8625948 -68.2271462274027
1.84672323076388 0.990932721268163 1.56125885672463 15802666.1038546 -68.201026144689
1.84829807302889 0.990894567690821 1.56072919566704 15741655.6678095 -68.2130687044616
1.84811185290679 0.990916586075703 1.55974944783518 15572532.4098662 -68.2295388994588
1.84837915386245 0.990867002970776 1.56122291204059 15822915.5214079 -68.2213218463451
1.84834726887744 0.990896725401034 1.5609172472748 15774328.2942413 -68.2213746683616
1.84824779968257 0.990889489074476 1.56026078736448 15662972.4688035 -68.223069045266
1.84753247679268 0.990922276059812 1.56026693868743 15652067.1519728 -68.224505905337
1.84852100398483 0.990886482708311 1.55983327737497 15595804.8285004 -68.230427227634
1.84703929848442 0.99093098445355 1.56058919268599 15699750.7819332 -68.2105889249139
1.84846302297482 0.990875414328025 1.56015040262001 15649170.2003497 -68.2304051363602
1.8488141410978 0.990869413743135 1.55960198118777 15559284.889489 -68.2438915283037
1.84780375063683 0.990891081508925 1.56036299029167 15673420.3924763 -68.2158934649569
1.8502718842051 0.990755640003514 1.55846720473236 15403846.0812794 -68.2570328851241
1.84967038975325 0.990849632590147 1.55911596463448 15499031.5738934 -68.2346446237934
1.84909526493504 0.990916823390524 1.56008342550637 15648014.7764877 -68.2193204363284
1.84924054200916 0.990861923024919 1.55860502295496 15409773.4917762 -68.2384483160722
1.84974895644037 0.990912613825287 1.5595725671075 15574415.9446265 -68.2282235998406
1.8496157041589 0.990845718389285 1.559196281996 15510088.0017833 -68.2364908814801
1.84869524699432 0.990898426363064 1.5602959117572 15674649.0242974 -68.2282173577598
1.84837053176186 0.990924544499224 1.56017380191933 15649815.4778754 -68.2229216366832
1.84961457928001 0.990863425796088 1.55895097324028 15470841.5674766 -68.2346157753194
1.84886751350309 0.990900444745212 1.55972492897788 15585755.1962427 -68.2272907939662
1.84902232051453 0.990850629717413 1.55944721103687 15542698.7712004 -68.2372521481063
1.84801798632864 0.990932214157517 1.5607437544689 15736511.2037947 -68.2220827181661
1.85023593450247 0.990782888765818 1.55880286208251 15458368.2736921 -68.2447391928243
1.84924475901883 0.990886049537571 1.55927605514901 15517251.5320408 -68.2348800151298
1.8488839283038 0.990803249321756 1.55949319843927 15548118.7172258 -68.2426894093944
1.84853152797502 0.990896779396021 1.56015768813696 15650079.9085609 -68.2228136354946
1.84877897226649 0.990869187889686 1.55975324414805 15587195.5344024 -68.2324827334754
1.84832276455994 0.990867020006431 1.56000428839141 15621613.149029 -68.2305109602015
1.84826579049188 0.990920572483612 1.56049525548703 15700977.2132592 -68.2194604996801
1.84824795034867 0.990879845994501 1.56009782733799 15635170.7319727 -68.2355144669757
1.84887614450067 0.990893585328837 1.5597236655123 15585765.3681901 -68.2253769189417
1.84922490126628 0.990788550559455 1.55961637806265 15572186.3919675 -68.2462525893835
1.8491664797885 0.990820210803336 1.55889017976313 15453259.3256197 -68.2513831471161
1.84905636392015 0.990899858273144 1.56002744706772 15636240.0367138 -68.2272564832816
1.84901413518438 0.990859291361711 1.55942012739975 15539013.2518524 -68.2312223018123
1.849892330416 0.990870809790954 1.55957476038678 15574716.9373702 -68.2362015661374
1.84846907208968 0.99087914324153 1.56027576292522 15667215.3108296 -68.2356909714964
1.85028820159934 0.990877161712216 1.55901276383089 15490571.595903 -68.2390875685604
1.84985011362574 0.990902580344599 1.55961438823322 15579918.4714631 -68.2348274467499
1.84950519539573 0.990860409483621 1.55939750927741 15541626.7429685 -68.2380330243009
1.84794584745402 0.990902837984414 1.56065019769481 15719535.7851685 -68.2320503936635
1.84841592916918 0.990907477750915 1.56023153541957 15659887.0498665 -68.2267458805989
1.84947259783597 0.99089367839792 1.56009518093506 15653032.3829271 -68.2284848324862
1.84931519104318 0.990969949190431 1.56017644218609 15662396.9397156 -68.2249324864217
1.84958177584697 0.990868216098764 1.55963390340665 15579503.7916779 -68.2385622031009
1.84939313934729 0.990817515681986 1.55977407721995 15600127.3745949 -68.2438632843144
1.84838508801524 0.990906991998967 1.56051802607524 15703411.0328067 -68.2339400035951
1.84947729748563 0.990876542136918 1.5598500510012 15613410.0030549 -68.2353409749294
1.84906658516776 0.990903753573124 1.560339552129 15685240.3001576 -68.2365301055398
1.84867419979986 0.990879581518371 1.56014363325587 15647767.8485407 -68.2377366073062
1.84888709321499 0.990927626890645 1.56033187841628 15680003.6699116 -68.2350278603545
1.84939703024223 0.990953334468304 1.56066091733201 15740353.9014602 -68.2335523006682
1.85029316168016 0.990957368963963 1.55992750186071 15634205.6605448 -68.2373014867847
1.84880636954583 0.990877439692687 1.56037675480762 15687054.5468375 -68.2406244031716
1.84857096133942 0.990906637979598 1.56076082120191 15745354.2722005 -68.2398692958006
1.84872640266664 0.990905121124 1.55987597858879 15606997.133739 -68.2252543637666
1.84951586441717 0.990957776141774 1.56052476437348 15719558.7140485 -68.2345044194157
1.84837343507486 0.990959405409732 1.56102989589188 15784764.3959077 -68.2342839507617
1.84868302615003 0.990893657818294 1.56024081589904 15662531.0846588 -68.2372169522715
1.84903615750978 0.990971504053446 1.5605737479406 15718631.7422629 -68.2343481142877
1.84850776684493 0.990965622330577 1.56105720797388 15789394.7239102 -68.2386387374699
1.84920669773947 0.99091920106215 1.56061470198356 15730575.531619 -68.2375830295034
1.84872528098574 0.990934424769135 1.56101497355306 15786893.7648133 -68.2416884873549
1.84907815860731 0.990910444182743 1.56002552460144 15631957.3693282 -68.2413067004165
1.84944735470572 0.99088419948929 1.56000374274834 15636221.249404 -68.2367537203576
1.84910645963912 0.990917025792975 1.5604497503376 15701168.7089032 -68.2422471876003
1.85000104520579 0.990803989815402 1.55941999690646 15552308.2803982 -68.2435281082673
1.84879745773672 0.990904598708365 1.56073220201474 15744024.4596444 -68.2365767081145
1.84882140696405 0.990939987831756 1.56092256898947 15774202.8614469 -68.2369095280531
1.84906781023787 0.9909023323464 1.56049706147873 15708760.4246346 -68.2415308601096
1.84865415412429 0.990966465468719 1.56118575961235 15814720.2291679 -68.2302082220388
1.84888496971123 0.990882212700418 1.56037326947268 15688002.3901344 -68.236179216178
1.84911264901635 0.990899588586712 1.56041908672511 15696910.3714269 -68.2410354571229
1.84883863829797 0.990883599977245 1.5605253829374 15711139.6532412 -68.2390621278431
1.84897153496997 0.99088969272312 1.56051723680578 15712270.8098098 -68.236800442019
1.84915284621415 0.990945111114397 1.56060647100144 15728882.2923957 -68.2300018666723
1.84974382492669 0.990872909927328 1.55982497910375 15612010.2279647 -68.2381207765777
1.84850361158395 0.9909475180729 1.56087631423881 15761829.3270928 -68.2332267686838
1.84906274896335 0.990873166433823 1.56029236420118 15676992.3967658 -68.2397437628542
1.84928318433996 0.990875675364998 1.560046558937 15640020.0448419 -68.2404717130491
1.84997211565597 0.990786423975834 1.55930340115259 15532512.8450082 -68.2478557757682
1.8490084850493 0.990908772450316 1.56075552146787 15751177.2626004 -68.2351717248998
1.84919455023598 0.990894744085915 1.56045277462949 15705217.8899334 -68.2362354757066
1.84898745880837 0.990913514524391 1.56051642060614 15710733.5613317 -68.2384387129101
1.84888326023949 0.990899949774851 1.56065230277749 15731623.2322514 -68.2389545692665
1.84944619903283 0.990874747770301 1.55998692430352 15633230.4936699 -68.2408388715406
1.84921211894078 0.990895180014421 1.56026859871581 15674322.9525795 -68.2401807137455
1.84914811255633 0.990940395688407 1.56048973507839 15709312.1957978 -68.234713474183
1.84902384799071 0.990877903982804 1.56033506989173 15682930.1860205 -68.2405147266563
1.84897806433468 0.99092576577468 1.56063949336962 15731865.6396858 -68.2318303810973
1.849274944299 0.990845124212018 1.56001724688044 15636142.7446867 -68.2405453826667
1.8494594055691 0.990865052035269 1.55976505208112 15597787.6626295 -68.2406568833744
1.84936456539298 0.990885173699861 1.56002673685698 15638160.3285358 -68.2410019573087
1.84893402318254 0.99090373422953 1.56042240157775 15694908.2072312 -68.2394713002913
1.84873964987423 0.990948492229363 1.5609828424522 15783243.2126359 -68.232531729426
1.84905813249054 0.990913971573436 1.56065962435489 15736482.2992825 -68.2325046474391
1.84933093330944 0.990883571910812 1.56003827996013 15639139.4038502 -68.2431362629159
1.84883720874356 0.990915114817711 1.5604999772532 15705585.7745377 -68.2396047504538
1.84936998346337 0.990889525576386 1.5600130440975 15636077.9586499 -68.2384318630096
1.84911559629318 0.990888723971576 1.56035739385081 15688012.797549 -68.238032192081
1.84929220335293 0.990901508446255 1.5603163585503 15684089.2721526 -68.2388730299249
1.84874476022785 0.990908311758068 1.56043764448551 15694201.8620378 -68.2392600795133
1.84889054623825 0.990946691484823 1.56055120912648 15715413.4978643 -68.231947798079
1.84869907955501 0.990937772438864 1.56046814341328 15698333.7047253 -68.2350590781798
1.84952560117578 0.990860167564362 1.55994700394954 15627449.2841942 -68.2448580974095
1.84970665398767 0.990857899635748 1.55977454324532 15603239.7849934 -68.2420685722007
1.84920754657191 0.990904449047686 1.56022809057631 15668419.955529 -68.236965419911
1.84918504655107 0.990864768029064 1.5599972768309 15630294.3860702 -68.2434390021266
1.84938170009847 0.99088076111454 1.56006782043173 15644941.4679212 -68.241664073939
1.84901437623017 0.990898846183792 1.5605700931175 15721203.398222 -68.2381115096935
1.84873859790483 0.990904962944632 1.56065911698426 15731112.0831048 -68.2351300086503
1.84837344726997 0.990907703921258 1.56070343296807 15730680.0081241 -68.2422674163883
1.84952332807597 0.990883583826149 1.56013595651601 15658225.8934041 -68.2433386239203
1.84957579877533 0.9908827405777 1.56005694208615 15646133.8112748 -68.2452824110554
1.84845417902959 0.990939305468993 1.56105457866635 15790396.6623055 -68.2353209430288
1.84921626692527 0.99086558518652 1.56012695119049 15651566.5886389 -68.2453057814041
1.84858139071491 0.990922226319264 1.56091938405422 15770751.0758027 -68.2337716406105
1.84860919279782 0.990917765551484 1.5607192452282 15737731.43813 -68.2383681257002
1.84987043750603 0.990838372236093 1.55959105196227 15576377.6086852 -68.244462579926
1.84911110670494 0.990883348696548 1.56003232168348 15634127.9732897 -68.2425026625883
1.8488791699413 0.990920751719735 1.56057775019751 15718880.7122265 -68.2427176587683
1.84909182087201 0.990887118708656 1.56039028164948 15692970.8692038 -68.2396862443117
1.84834662565642 0.990913609280738 1.56070779179257 15730785.2134008 -68.2414033277
1.84839412827189 0.990926667593256 1.56093454097 15768871.2008674 -68.2402480358521
1.84781772172104 0.99096808020456 1.56144984211053 15842961.3845031 -68.2349885378966
1.84864132531079 0.990904443214028 1.56036421073276 15679570.5883269 -68.2421990587217
1.8492908479271 0.99085367708408 1.55975105209939 15591685.5712062 -68.2430655438274
1.85016014392915 0.990802595154898 1.55900918569595 15486891.9579923 -68.245702786546
1.84996071178701 0.99080424427767 1.55898476155954 15480011.2827805 -68.2440902889989
1.84922324986798 0.990843877809249 1.55973939176065 15589004.2045742 -68.2391000758793
1.84850683108834 0.990897903748116 1.56040505993875 15684516.2900121 -68.2343191768174
1.85019101913244 0.990806969275502 1.55938887500549 15549523.9976035 -68.2467012924885
1.84842061133122 0.990924311942777 1.56043313955267 15687067.2818525 -68.2368043166302
1.85039639961126 0.990805116546457 1.5589582630585 15483657.7854401 -68.2471016655106
1.85074936530705 0.990773284251266 1.55833129262345 15388191.743996 -68.2485491633496
1.84926908011438 0.990869679613305 1.55980208046184 15599686.2037558 -68.2385458517494
1.84883644216214 0.990906005469616 1.56022960286373 15661180.8713778 -68.2389512318211
1.84837033430788 0.990935563995164 1.56047019555193 15691495.2343549 -68.2361246171312
1.84754348621487 0.990981168864402 1.56148662167948 15844226.9162999 -68.2329755793734
1.84870952930663 0.990927418303256 1.56046117630136 15696723.1971026 -68.238933305364
1.8473954289947 0.990993395523709 1.56114588937423 15784214.59781 -68.2392434691621
1.84885274091941 0.990886421662723 1.5601707057743 15652009.0418639 -68.2394631459916
1.84988975758345 0.990844372463525 1.55940883663104 15546947.5173226 -68.2436723593851
1.84875447429259 0.990873289258025 1.56039568944688 15687874.4202137 -68.2363765041376
1.84890534607003 0.990908330946912 1.56030306141688 15674415.6031771 -68.2399351595173
1.84983916869426 0.990880249543697 1.55967987372745 15589346.0482638 -68.2477838982731
1.8480985970257 0.990930013884085 1.56091531310739 15760331.9371249 -68.2399406317545
1.84813987667869 0.990938688207908 1.56063897853473 15715202.2604123 -68.2379634635425
1.84882118683815 0.990886061369735 1.56046370569327 15699509.4367987 -68.2432490308967
1.84792617905205 0.990942818036952 1.56095234317747 15763149.524353 -68.2376205273159
1.84781594666483 0.99094994799506 1.56098015209043 15765362.7759467 -68.23944335084
1.84808974957494 0.990964402764062 1.56073959608232 15730462.7621211 -68.2386349919012
1.84836223889604 0.990918513817665 1.56042341009201 15684004.103914 -68.2396516992198
1.84742266389899 0.990965192783964 1.56130245889475 15811612.8539071 -68.2333540278669
1.84826797614984 0.990925437267182 1.56069245826647 15726525.2620343 -68.2395928967162
1.84913763402408 0.990887289564545 1.5601821392621 15658821.860346 -68.2467472917138
1.84863057471682 0.990915579381868 1.56054042294474 15708141.2120187 -68.2471024815073
1.84897432559392 0.990882967103855 1.56021030468296 15660773.0026701 -68.2434317206754
1.84857625933473 0.990893116665165 1.56062134984925 15721197.7252981 -68.240663374554
1.84844303686249 0.990913675315916 1.5606529930052 15723464.1964773 -68.2414409012526
1.84824256339574 0.990917860077378 1.56081047479591 15746098.4688047 -68.2363987514762
1.84856831329985 0.990916659091898 1.56046010589271 15694145.5826313 -68.2385712877016
1.84713976820831 0.99096580340955 1.56179825225693 15888780.2589046 -68.234205568983
1.84816022249719 0.990925072303939 1.56079810263393 15742211.7665305 -68.2378332778593
1.84794740348599 0.990918000128275 1.56103040267815 15776964.872045 -68.2352350554163
1.84792185237008 0.99094622317528 1.56112026304083 15790755.4123994 -68.2378298838328
1.84785087358624 0.990950458799732 1.5610042572565 15770224.3747343 -68.2367129590366
1.84870129651708 0.990893730546743 1.5604499775477 15695317.8325669 -68.2408491307554
1.84772628171555 0.990935732570597 1.56134340613777 15824453.4086727 -68.2366380562674
1.84750131478628 0.990955233068029 1.56154100666402 15852788.2972849 -68.2355630641602
1.84791004751986 0.990926106123704 1.56102959847033 15775875.5891889 -68.2372975922392
1.84741616917661 0.990957518492034 1.56134879283307 15819381.2635511 -68.2312596909505
1.84816819990345 0.990917231821958 1.56087502896959 15755407.1910374 -68.2355587100771
1.84781838602526 0.990938381431208 1.56109709436952 15785314.2610343 -68.236227449446
1.84790667085697 0.990930495952399 1.56102580305134 15775144.8652861 -68.2364554432528
1.84720940640372 0.99097251550586 1.56156169237578 15850757.6771014 -68.2300507051647
1.84740536611845 0.990957986347864 1.56140242231859 15828260.3428492 -68.230411172111
1.84740982220184 0.990942670037706 1.5614976562089 15844340.1852127 -68.2328245623869
1.84769936127583 0.99093541817361 1.56132800294976 15821494.6218703 -68.2352642079278
1.84813351076895 0.990926381169208 1.56085677780247 15751438.1597102 -68.2375958210528
1.84851001667505 0.990891599472539 1.56067437648128 15728728.8783075 -68.2418327803867
