17296.11
5731.527
1023.631
905.2566
884.84
642.281
810.6068
649.4747
719.5478
175.6453
631.0522
460.9469
539.0268
198.7398
184.4118
160.8326
71.26164
45.65892
98.16505
36.28565
49.55764
41.32184
39.84
28.1048
30.15602
31.72741
27.35221
23.88923
25.06571
22.47455
22.30394
23.22635
21.7815
21.46011
21.92675
20.97736
20.56186
20.1237
20.12497
20.24804
19.90415
19.96264
19.86233
19.73288
19.833
19.76427
19.73292
19.66747
19.68068
19.68095
19.68111
19.67444
19.66712
19.66534
19.65997
19.66215
19.6629
19.65143
19.65572
19.65751
19.65137
19.65925
19.65544
19.64721
19.6553
19.65409
19.65382
19.6504
19.64905
19.65233
19.65166
19.64911
19.64923
19.64864
19.64805
19.64776
19.64903
19.64946
19.64745
19.64986
19.64716
19.6469
19.64716
19.6487
19.648
19.64649
19.64741
19.64853
19.64725
19.64443
19.64732
19.64535
19.6471
19.64723
19.6466
19.64679
19.64558
19.64697
19.64729
19.64593
19.64665
19.64752
19.64695
19.64847
19.64747
19.64571
19.64732
19.64673
19.64529
19.64653
19.64764
19.64587
19.64757
19.64776
19.64539
19.64585
19.64571
19.64615
19.64673
19.64621
19.6459
19.64714
19.6463
19.64692
19.64642
19.64698
19.64719
19.64629
19.64684
19.64552
19.64618
19.64677
19.64702
19.64553
19.6452
19.64604
19.64691
19.6468
19.64701
19.64614
19.64579
19.64549
19.64636
19.6458
19.64621
19.647
19.64655
19.64569
19.64628
19.64609
19.64716
19.64628
19.64522
19.64731
19.6476
19.64593
19.64698
19.64672
19.64617
19.64857
19.6473
19.64597
19.64645
19.64811
19.64612
19.64592
19.64673
19.64631
19.64527
19.64594
19.64539
19.64616
19.64731
19.64621
19.64598
19.64567
19.6473
19.64604
19.64673
19.64706
19.64634
19.64687
19.64694
19.64821
19.64655
19.64618
19.64609
19.6459
19.64477
19.64592
19.64596
19.64543
19.64612
19.64602
19.64632
19.64593
19.64635
19.64674
19.64667
19.64676
19.64687
19.64641
19.64687
19.64712
19.64613
19.64664
19.64629
19.64742
19.64621
19.64658
19.64669
19.64584
19.64594
19.64639
19.64571
19.64525
19.64692
19.64735
19.64792
19.64616
19.64625
19.64652
19.64791
19.64631
19.64615
19.64654
19.64733
19.64568
19.64542
19.64604
19.64538
19.64622
19.64619
19.64666
19.64586
19.64555
19.64581
19.64626
19.64655
19.64558
19.6468
19.6457
19.64509
19.64742
19.64727
19.64639
19.64587
19.64529
19.64715
19.64536
19.64602
19.64591
19.64573
19.64711
19.64679
19.6463
19.64581
19.64582
19.64649
19.6456
19.6455
19.64654
19.64503
19.64618
19.64575
19.64712
19.64643
19.646
19.64609
19.646
19.6463
19.64617
19.64655
19.6467
19.64518
19.64669
19.64703
19.64531
19.64528
19.64589
19.64693
19.64698
19.64506
19.64721
19.64551
19.64611
19.64612
19.64598
19.64692
19.64698
19.64718
19.6466
19.6467
19.64692
19.64732
19.64733
19.64678
19.64543
19.64735
19.64572
19.64697
19.64591
19.64711
19.64649
19.64611
19.64546
19.6478
19.64595
19.64556
19.64592
19.6455
19.6456
19.64669
19.64532
19.64617
19.64591
19.64621
19.64504
19.64617
19.64664
19.64674
19.64637
19.64635
19.64579
19.64639
19.64623
19.6461
19.64487
19.64503
19.64657
19.64594
19.64433
19.64562
19.64731
19.64618
19.6461
19.64545
19.6464
19.64683
19.64575
19.64583
